17.0000000000,67.0000000000,0.0000000001,50.0000000000,100.0000000000,0.1000000000,10.0000000000,50.0000000000
17.0000000000,68.0000000000,0.0000000009,50.0000000000,100.0000000000,0.1000000000,10.0000000000,50.0000000000
17.0000000000,88.0000000000,0.0000000060,50.0000000000,100.0000000000,0.1000000000,10.0000000000,50.0000000000
17.0000000000,97.0000000000,0.0000000038,50.0000000000,100.0000000000,0.1000000000,10.0000000000,50.0000000000
17.0000000000,98.0000000000,0.0000000101,50.0000000000,100.0000000000,0.1000000000,10.0000000000,50.0000000000
17.0000000000,106.0000000000,0.0000000018,50.0000000000,100.0000000000,0.1000000000,10.0000000000,50.0000000000
17.0000000000,107.0000000000,0.0000000005,50.0000000000,100.0000000000,0.1000000000,10.0000000000,50.0000000000
17.0000000000,108.0000000000,0.0000000059,50.0000000000,100.0000000000,0.1000000000,10.0000000000,50.0000000000
17.0000000000,109.0000000000,0.0000000031,50.0000000000,100.0000000000,0.1000000000,10.0000000000,50.0000000000
17.0000000000,110.0000000000,0.0000000009,50.0000000000,100.0000000000,0.1000000000,10.0000000000,50.0000000000
17.0000000000,113.0000000000,0.0000000005,50.0000000000,100.0000000000,0.1000000000,10.0000000000,50.0000000000
17.0000000000,118.0000000000,0.0000000001,50.0000000000,100.0000000000,0.1000000000,10.0000000000,50.0000000000
18.0000000000,67.0000000000,0.0000000021,50.0000000000,100.0000000000,0.1000000000,10.0000000000,50.0000000000
18.0000000000,68.0000000000,0.0000000069,50.0000000000,100.0000000000,0.1000000000,10.0000000000,50.0000000000
18.0000000000,79.0000000000,0.0000000016,50.0000000000,100.0000000000,0.1000000000,10.0000000000,50.0000000000
18.0000000000,88.0000000000,0.0000000029,50.0000000000,100.0000000000,0.1000000000,10.0000000000,50.0000000000
18.0000000000,90.0000000000,0.0000000057,50.0000000000,100.0000000000,0.1000000000,10.0000000000,50.0000000000
18.0000000000,92.0000000000,0.0000000006,50.0000000000,100.0000000000,0.1000000000,10.0000000000,50.0000000000
18.0000000000,94.0000000000,0.0000000071,50.0000000000,100.0000000000,0.1000000000,10.0000000000,50.0000000000
18.0000000000,96.0000000000,0.0000000063,50.0000000000,100.0000000000,0.1000000000,10.0000000000,50.0000000000
18.0000000000,97.0000000000,0.0000000133,50.0000000000,100.0000000000,0.1000000000,10.0000000000,50.0000000000
18.0000000000,98.0000000000,0.0000000087,50.0000000000,100.0000000000,0.1000000000,10.0000000000,50.0000000000
18.0000000000,99.0000000000,0.0000000009,50.0000000000,100.0000000000,0.1000000000,10.0000000000,50.0000000000
18.0000000000,100.0000000000,0.0000000114,50.0000000000,100.0000000000,0.1000000000,10.0000000000,50.0000000000
18.0000000000,102.0000000000,0.0000000054,50.0000000000,100.0000000000,0.1000000000,10.0000000000,50.0000000000
18.0000000000,106.0000000000,0.0000000009,50.0000000000,100.0000000000,0.1000000000,10.0000000000,50.0000000000
18.0000000000,107.0000000000,0.0000000095,50.0000000000,100.0000000000,0.1000000000,10.0000000000,50.0000000000
18.0000000000,108.0000000000,0.0000000029,50.0000000000,100.0000000000,0.1000000000,10.0000000000,50.0000000000
18.0000000000,109.0000000000,0.0000000036,50.0000000000,100.0000000000,0.1000000000,10.0000000000,50.0000000000
18.0000000000,110.0000000000,0.0000000012,50.0000000000,100.0000000000,0.1000000000,10.0000000000,50.0000000000
18.0000000000,111.0000000000,0.0000000055,50.0000000000,100.0000000000,0.1000000000,10.0000000000,50.0000000000
18.0000000000,113.0000000000,0.0000000058,50.0000000000,100.0000000000,0.1000000000,10.0000000000,50.0000000000
18.0000000000,114.0000000000,0.0000000013,50.0000000000,100.0000000000,0.1000000000,10.0000000000,50.0000000000
18.0000000000,118.0000000000,0.0000000017,50.0000000000,100.0000000000,0.1000000000,10.0000000000,50.0000000000
18.0000000000,122.0000000000,0.0000000056,50.0000000000,100.0000000000,0.1000000000,10.0000000000,50.0000000000
19.0000000000,67.0000000000,0.0000000000,50.0000000000,100.0000000000,0.1000000000,10.0000000000,50.0000000000
19.0000000000,68.0000000000,0.0000000003,50.0000000000,100.0000000000,0.1000000000,10.0000000000,50.0000000000
19.0000000000,78.0000000000,0.0000000014,50.0000000000,100.0000000000,0.1000000000,10.0000000000,50.0000000000
19.0000000000,79.0000000000,0.0000000018,50.0000000000,100.0000000000,0.1000000000,10.0000000000,50.0000000000
19.0000000000,83.0000000000,0.0000000006,50.0000000000,100.0000000000,0.1000000000,10.0000000000,50.0000000000
19.0000000000,86.0000000000,0.0000000035,50.0000000000,100.0000000000,0.1000000000,10.0000000000,50.0000000000
19.0000000000,87.0000000000,0.0000000035,50.0000000000,100.0000000000,0.1000000000,10.0000000000,50.0000000000
19.0000000000,88.0000000000,0.0000000127,50.0000000000,100.0000000000,0.1000000000,10.0000000000,50.0000000000
19.0000000000,90.0000000000,0.0000000053,50.0000000000,100.0000000000,0.1000000000,10.0000000000,50.0000000000
19.0000000000,91.0000000000,0.0000000023,50.0000000000,100.0000000000,0.1000000000,10.0000000000,50.0000000000
19.0000000000,92.0000000000,0.0000000081,50.0000000000,100.0000000000,0.1000000000,10.0000000000,50.0000000000
19.0000000000,93.0000000000,0.0000000030,50.0000000000,100.0000000000,0.1000000000,10.0000000000,50.0000000000
19.0000000000,94.0000000000,0.0000000137,50.0000000000,100.0000000000,0.1000000000,10.0000000000,50.0000000000
19.0000000000,95.0000000000,0.0000000063,50.0000000000,100.0000000000,0.1000000000,10.0000000000,50.0000000000
19.0000000000,96.0000000000,0.0000000257,50.0000000000,100.0000000000,0.1000000000,10.0000000000,50.0000000000
19.0000000000,97.0000000000,0.0000000256,50.0000000000,100.0000000000,0.1000000000,10.0000000000,50.0000000000
19.0000000000,98.0000000000,0.0000000015,50.0000000000,100.0000000000,0.1000000000,10.0000000000,50.0000000000
19.0000000000,99.0000000000,0.0000000068,50.0000000000,100.0000000000,0.1000000000,10.0000000000,50.0000000000
19.0000000000,100.0000000000,0.0000000306,50.0000000000,100.0000000000,0.1000000000,10.0000000000,50.0000000000
19.0000000000,101.0000000000,0.0000000110,50.0000000000,100.0000000000,0.1000000000,10.0000000000,50.0000000000
19.0000000000,102.0000000000,0.0000000081,50.0000000000,100.0000000000,0.1000000000,10.0000000000,50.0000000000
19.0000000000,103.0000000000,0.0000000058,50.0000000000,100.0000000000,0.1000000000,10.0000000000,50.0000000000
19.0000000000,105.0000000000,0.0000000018,50.0000000000,100.0000000000,0.1000000000,10.0000000000,50.0000000000
19.0000000000,106.0000000000,0.0000000154,50.0000000000,100.0000000000,0.1000000000,10.0000000000,50.0000000000
19.0000000000,107.0000000000,0.0000000182,50.0000000000,100.0000000000,0.1000000000,10.0000000000,50.0000000000
19.0000000000,108.0000000000,0.0000000111,50.0000000000,100.0000000000,0.1000000000,10.0000000000,50.0000000000
19.0000000000,109.0000000000,0.0000000006,50.0000000000,100.0000000000,0.1000000000,10.0000000000,50.0000000000
19.0000000000,111.0000000000,0.0000000009,50.0000000000,100.0000000000,0.1000000000,10.0000000000,50.0000000000
19.0000000000,113.0000000000,0.0000000078,50.0000000000,100.0000000000,0.1000000000,10.0000000000,50.0000000000
19.0000000000,118.0000000000,0.0000000098,50.0000000000,100.0000000000,0.1000000000,10.0000000000,50.0000000000
19.0000000000,119.0000000000,0.0000000023,50.0000000000,100.0000000000,0.1000000000,10.0000000000,50.0000000000
19.0000000000,121.0000000000,0.0000000001,50.0000000000,100.0000000000,0.1000000000,10.0000000000,50.0000000000
19.0000000000,122.0000000000,0.0000000164,50.0000000000,100.0000000000,0.1000000000,10.0000000000,50.0000000000
19.0000000000,123.0000000000,0.0000000060,50.0000000000,100.0000000000,0.1000000000,10.0000000000,50.0000000000
19.0000000000,125.0000000000,0.0000000021,50.0000000000,100.0000000000,0.1000000000,10.0000000000,50.0000000000
20.0000000000,67.0000000000,0.0000000011,50.0000000000,100.0000000000,0.1000000000,10.0000000000,50.0000000000
20.0000000000,68.0000000000,0.0000000003,50.0000000000,100.0000000000,0.1000000000,10.0000000000,50.0000000000
20.0000000000,77.0000000000,0.0000000099,50.0000000000,100.0000000000,0.1000000000,10.0000000000,50.0000000000
20.0000000000,78.0000000000,0.0000000053,50.0000000000,100.0000000000,0.1000000000,10.0000000000,50.0000000000
20.0000000000,79.0000000000,0.0000000077,50.0000000000,100.0000000000,0.1000000000,10.0000000000,50.0000000000
20.0000000000,81.0000000000,0.0000000004,50.0000000000,100.0000000000,0.1000000000,10.0000000000,50.0000000000
20.0000000000,82.0000000000,0.0000000082,50.0000000000,100.0000000000,0.1000000000,10.0000000000,50.0000000000
20.0000000000,83.0000000000,0.0000000026,50.0000000000,100.0000000000,0.1000000000,10.0000000000,50.0000000000
20.0000000000,84.0000000000,0.0000000009,50.0000000000,100.0000000000,0.1000000000,10.0000000000,50.0000000000
20.0000000000,86.0000000000,0.0000000067,50.0000000000,100.0000000000,0.1000000000,10.0000000000,50.0000000000
20.0000000000,87.0000000000,0.0000000080,50.0000000000,100.0000000000,0.1000000000,10.0000000000,50.0000000000
20.0000000000,88.0000000000,0.0000000239,50.0000000000,100.0000000000,0.1000000000,10.0000000000,50.0000000000
20.0000000000,89.0000000000,0.0000000197,50.0000000000,100.0000000000,0.1000000000,10.0000000000,50.0000000000
20.0000000000,90.0000000000,0.0000000122,50.0000000000,100.0000000000,0.1000000000,10.0000000000,50.0000000000
20.0000000000,91.0000000000,0.0000000105,50.0000000000,100.0000000000,0.1000000000,10.0000000000,50.0000000000
20.0000000000,92.0000000000,0.0000000220,50.0000000000,100.0000000000,0.1000000000,10.0000000000,50.0000000000
20.0000000000,93.0000000000,0.0000000169,50.0000000000,100.0000000000,0.1000000000,10.0000000000,50.0000000000
20.0000000000,94.0000000000,0.0000000329,50.0000000000,100.0000000000,0.1000000000,10.0000000000,50.0000000000
20.0000000000,95.0000000000,0.0000000405,50.0000000000,100.0000000000,0.1000000000,10.0000000000,50.0000000000
20.0000000000,96.0000000000,0.0000000499,50.0000000000,100.0000000000,0.1000000000,10.0000000000,50.0000000000
20.0000000000,97.0000000000,0.0000000584,50.0000000000,100.0000000000,0.1000000000,10.0000000000,50.0000000000
20.0000000000,98.0000000000,0.0000000231,50.0000000000,100.0000000000,0.1000000000,10.0000000000,50.0000000000
20.0000000000,99.0000000000,0.0000000238,50.0000000000,100.0000000000,0.1000000000,10.0000000000,50.0000000000
20.0000000000,100.0000000000,0.0000000458,50.0000000000,100.0000000000,0.1000000000,10.0000000000,50.0000000000
20.0000000000,101.0000000000,0.0000000428,50.0000000000,100.0000000000,0.1000000000,10.0000000000,50.0000000000
20.0000000000,102.0000000000,0.0000000291,50.0000000000,100.0000000000,0.1000000000,10.0000000000,50.0000000000
20.0000000000,103.0000000000,0.0000000500,50.0000000000,100.0000000000,0.1000000000,10.0000000000,50.0000000000
20.0000000000,104.0000000000,0.0000000078,50.0000000000,100.0000000000,0.1000000000,10.0000000000,50.0000000000
20.0000000000,105.0000000000,0.0000000103,50.0000000000,100.0000000000,0.1000000000,10.0000000000,50.0000000000
20.0000000000,106.0000000000,0.0000000073,50.0000000000,100.0000000000,0.1000000000,10.0000000000,50.0000000000
20.0000000000,107.0000000000,0.0000000162,50.0000000000,100.0000000000,0.1000000000,10.0000000000,50.0000000000
20.0000000000,108.0000000000,0.0000000357,50.0000000000,100.0000000000,0.1000000000,10.0000000000,50.0000000000
20.0000000000,109.0000000000,0.0000000036,50.0000000000,100.0000000000,0.1000000000,10.0000000000,50.0000000000
20.0000000000,110.0000000000,0.0000000056,50.0000000000,100.0000000000,0.1000000000,10.0000000000,50.0000000000
20.0000000000,111.0000000000,0.0000000235,50.0000000000,100.0000000000,0.1000000000,10.0000000000,50.0000000000
20.0000000000,112.0000000000,0.0000000015,50.0000000000,100.0000000000,0.1000000000,10.0000000000,50.0000000000
20.0000000000,113.0000000000,0.0000000310,50.0000000000,100.0000000000,0.1000000000,10.0000000000,50.0000000000
20.0000000000,114.0000000000,0.0000000045,50.0000000000,100.0000000000,0.1000000000,10.0000000000,50.0000000000
20.0000000000,115.0000000000,0.0000000137,50.0000000000,100.0000000000,0.1000000000,10.0000000000,50.0000000000
20.0000000000,116.0000000000,0.0000000024,50.0000000000,100.0000000000,0.1000000000,10.0000000000,50.0000000000
20.0000000000,117.0000000000,0.0000000029,50.0000000000,100.0000000000,0.1000000000,10.0000000000,50.0000000000
20.0000000000,118.0000000000,0.0000000039,50.0000000000,100.0000000000,0.1000000000,10.0000000000,50.0000000000
20.0000000000,119.0000000000,0.0000000070,50.0000000000,100.0000000000,0.1000000000,10.0000000000,50.0000000000
20.0000000000,120.0000000000,0.0000000030,50.0000000000,100.0000000000,0.1000000000,10.0000000000,50.0000000000
20.0000000000,121.0000000000,0.0000000166,50.0000000000,100.0000000000,0.1000000000,10.0000000000,50.0000000000
20.0000000000,122.0000000000,0.0000000173,50.0000000000,100.0000000000,0.1000000000,10.0000000000,50.0000000000
20.0000000000,123.0000000000,0.0000000069,50.0000000000,100.0000000000,0.1000000000,10.0000000000,50.0000000000
20.0000000000,124.0000000000,0.0000000035,50.0000000000,100.0000000000,0.1000000000,10.0000000000,50.0000000000
20.0000000000,125.0000000000,0.0000000013,50.0000000000,100.0000000000,0.1000000000,10.0000000000,50.0000000000
20.0000000000,128.0000000000,0.0000000050,50.0000000000,100.0000000000,0.1000000000,10.0000000000,50.0000000000
20.0000000000,129.0000000000,0.0000000017,50.0000000000,100.0000000000,0.1000000000,10.0000000000,50.0000000000
21.0000000000,67.0000000000,0.0000000009,50.0000000000,100.0000000000,0.1000000000,10.0000000000,50.0000000000
21.0000000000,68.0000000000,0.0000000106,50.0000000000,100.0000000000,0.1000000000,10.0000000000,50.0000000000
21.0000000000,69.0000000000,0.0000000040,50.0000000000,100.0000000000,0.1000000000,10.0000000000,50.0000000000
21.0000000000,76.0000000000,0.0000000038,50.0000000000,100.0000000000,0.1000000000,10.0000000000,50.0000000000
21.0000000000,77.0000000000,0.0000000171,50.0000000000,100.0000000000,0.1000000000,10.0000000000,50.0000000000
21.0000000000,78.0000000000,0.0000000231,50.0000000000,100.0000000000,0.1000000000,10.0000000000,50.0000000000
21.0000000000,79.0000000000,0.0000000103,50.0000000000,100.0000000000,0.1000000000,10.0000000000,50.0000000000
21.0000000000,80.0000000000,0.0000000046,50.0000000000,100.0000000000,0.1000000000,10.0000000000,50.0000000000
21.0000000000,81.0000000000,0.0000000151,50.0000000000,100.0000000000,0.1000000000,10.0000000000,50.0000000000
21.0000000000,82.0000000000,0.0000000252,50.0000000000,100.0000000000,0.1000000000,10.0000000000,50.0000000000
21.0000000000,83.0000000000,0.0000000169,50.0000000000,100.0000000000,0.1000000000,10.0000000000,50.0000000000
21.0000000000,84.0000000000,0.0000000097,50.0000000000,100.0000000000,0.1000000000,10.0000000000,50.0000000000
21.0000000000,85.0000000000,0.0000000171,50.0000000000,100.0000000000,0.1000000000,10.0000000000,50.0000000000
21.0000000000,86.0000000000,0.0000000082,50.0000000000,100.0000000000,0.1000000000,10.0000000000,50.0000000000
21.0000000000,87.0000000000,0.0000000215,50.0000000000,100.0000000000,0.1000000000,10.0000000000,50.0000000000
21.0000000000,88.0000000000,0.0000000446,50.0000000000,100.0000000000,0.1000000000,10.0000000000,50.0000000000
21.0000000000,89.0000000000,0.0000000470,50.0000000000,100.0000000000,0.1000000000,10.0000000000,50.0000000000
21.0000000000,90.0000000000,0.0000000497,50.0000000000,100.0000000000,0.1000000000,10.0000000000,50.0000000000
21.0000000000,91.0000000000,0.0000000644,50.0000000000,100.0000000000,0.1000000000,10.0000000000,50.0000000000
21.0000000000,92.0000000000,0.0000000332,50.0000000000,100.0000000000,0.1000000000,10.0000000000,50.0000000000
21.0000000000,93.0000000000,0.0000000703,50.0000000000,100.0000000000,0.1000000000,10.0000000000,50.0000000000
21.0000000000,94.0000000000,0.0000000451,50.0000000000,100.0000000000,0.1000000000,10.0000000000,50.0000000000
21.0000000000,95.0000000000,0.0000000899,50.0000000000,100.0000000000,0.1000000000,10.0000000000,50.0000000000
21.0000000000,96.0000000000,0.0000000607,50.0000000000,100.0000000000,0.1000000000,10.0000000000,50.0000000000
21.0000000000,97.0000000000,0.0000000873,50.0000000000,100.0000000000,0.1000000000,10.0000000000,50.0000000000
21.0000000000,98.0000000000,0.0000000687,50.0000000000,100.0000000000,0.1000000000,10.0000000000,50.0000000000
21.0000000000,99.0000000000,0.0000000905,50.0000000000,100.0000000000,0.1000000000,10.0000000000,50.0000000000
21.0000000000,100.0000000000,0.0000000781,50.0000000000,100.0000000000,0.1000000000,10.0000000000,50.0000000000
21.0000000000,101.0000000000,0.0000001143,50.0000000000,100.0000000000,0.1000000000,10.0000000000,50.0000000000
21.0000000000,102.0000000000,0.0000000849,50.0000000000,100.0000000000,0.1000000000,10.0000000000,50.0000000000
21.0000000000,103.0000000000,0.0000000990,50.0000000000,100.0000000000,0.1000000000,10.0000000000,50.0000000000
21.0000000000,104.0000000000,0.0000000455,50.0000000000,100.0000000000,0.1000000000,10.0000000000,50.0000000000
21.0000000000,105.0000000000,0.0000000514,50.0000000000,100.0000000000,0.1000000000,10.0000000000,50.0000000000
21.0000000000,106.0000000000,0.0000000386,50.0000000000,100.0000000000,0.1000000000,10.0000000000,50.0000000000
21.0000000000,107.0000000000,0.0000000662,50.0000000000,100.0000000000,0.1000000000,10.0000000000,50.0000000000
21.0000000000,108.0000000000,0.0000000513,50.0000000000,100.0000000000,0.1000000000,10.0000000000,50.0000000000
21.0000000000,109.0000000000,0.0000000437,50.0000000000,100.0000000000,0.1000000000,10.0000000000,50.0000000000
21.0000000000,110.0000000000,0.0000000299,50.0000000000,100.0000000000,0.1000000000,10.0000000000,50.0000000000
21.0000000000,111.0000000000,0.0000000279,50.0000000000,100.0000000000,0.1000000000,10.0000000000,50.0000000000
21.0000000000,112.0000000000,0.0000000517,50.0000000000,100.0000000000,0.1000000000,10.0000000000,50.0000000000
21.0000000000,113.0000000000,0.0000000496,50.0000000000,100.0000000000,0.1000000000,10.0000000000,50.0000000000
21.0000000000,114.0000000000,0.0000000113,50.0000000000,100.0000000000,0.1000000000,10.0000000000,50.0000000000
21.0000000000,115.0000000000,0.0000000176,50.0000000000,100.0000000000,0.1000000000,10.0000000000,50.0000000000
21.0000000000,116.0000000000,0.0000000053,50.0000000000,100.0000000000,0.1000000000,10.0000000000,50.0000000000
21.0000000000,117.0000000000,0.0000000255,50.0000000000,100.0000000000,0.1000000000,10.0000000000,50.0000000000
21.0000000000,118.0000000000,0.0000000026,50.0000000000,100.0000000000,0.1000000000,10.0000000000,50.0000000000
21.0000000000,119.0000000000,0.0000000060,50.0000000000,100.0000000000,0.1000000000,10.0000000000,50.0000000000
21.0000000000,120.0000000000,0.0000000046,50.0000000000,100.0000000000,0.1000000000,10.0000000000,50.0000000000
21.0000000000,121.0000000000,0.0000000151,50.0000000000,100.0000000000,0.1000000000,10.0000000000,50.0000000000
21.0000000000,122.0000000000,0.0000000152,50.0000000000,100.0000000000,0.1000000000,10.0000000000,50.0000000000
21.0000000000,123.0000000000,0.0000000101,50.0000000000,100.0000000000,0.1000000000,10.0000000000,50.0000000000
21.0000000000,124.0000000000,0.0000000027,50.0000000000,100.0000000000,0.1000000000,10.0000000000,50.0000000000
21.0000000000,125.0000000000,0.0000000032,50.0000000000,100.0000000000,0.1000000000,10.0000000000,50.0000000000
21.0000000000,126.0000000000,0.0000000050,50.0000000000,100.0000000000,0.1000000000,10.0000000000,50.0000000000
21.0000000000,127.0000000000,0.0000000003,50.0000000000,100.0000000000,0.1000000000,10.0000000000,50.0000000000
21.0000000000,128.0000000000,0.0000000010,50.0000000000,100.0000000000,0.1000000000,10.0000000000,50.0000000000
21.0000000000,129.0000000000,0.0000000001,50.0000000000,100.0000000000,0.1000000000,10.0000000000,50.0000000000
21.0000000000,133.0000000000,0.0000000024,50.0000000000,100.0000000000,0.1000000000,10.0000000000,50.0000000000
22.0000000000,68.0000000000,0.0000000052,50.0000000000,100.0000000000,0.1000000000,10.0000000000,50.0000000000
22.0000000000,69.0000000000,0.0000000079,50.0000000000,100.0000000000,0.1000000000,10.0000000000,50.0000000000
22.0000000000,70.0000000000,0.0000000002,50.0000000000,100.0000000000,0.1000000000,10.0000000000,50.0000000000
22.0000000000,72.0000000000,0.0000000001,50.0000000000,100.0000000000,0.1000000000,10.0000000000,50.0000000000
22.0000000000,73.0000000000,0.0000000043,50.0000000000,100.0000000000,0.1000000000,10.0000000000,50.0000000000
22.0000000000,74.0000000000,0.0000000160,50.0000000000,100.0000000000,0.1000000000,10.0000000000,50.0000000000
22.0000000000,75.0000000000,0.0000000040,50.0000000000,100.0000000000,0.1000000000,10.0000000000,50.0000000000
22.0000000000,76.0000000000,0.0000000261,50.0000000000,100.0000000000,0.1000000000,10.0000000000,50.0000000000
22.0000000000,77.0000000000,0.0000000515,50.0000000000,100.0000000000,0.1000000000,10.0000000000,50.0000000000
22.0000000000,78.0000000000,0.0000000279,50.0000000000,100.0000000000,0.1000000000,10.0000000000,50.0000000000
22.0000000000,79.0000000000,0.0000000289,50.0000000000,100.0000000000,0.1000000000,10.0000000000,50.0000000000
22.0000000000,80.0000000000,0.0000000468,50.0000000000,100.0000000000,0.1000000000,10.0000000000,50.0000000000
22.0000000000,81.0000000000,0.0000000380,50.0000000000,100.0000000000,0.1000000000,10.0000000000,50.0000000000
22.0000000000,82.0000000000,0.0000000409,50.0000000000,100.0000000000,0.1000000000,10.0000000000,50.0000000000
22.0000000000,83.0000000000,0.0000000568,50.0000000000,100.0000000000,0.1000000000,10.0000000000,50.0000000000
22.0000000000,84.0000000000,0.0000000312,50.0000000000,100.0000000000,0.1000000000,10.0000000000,50.0000000000
22.0000000000,85.0000000000,0.0000000396,50.0000000000,100.0000000000,0.1000000000,10.0000000000,50.0000000000
22.0000000000,86.0000000000,0.0000000490,50.0000000000,100.0000000000,0.1000000000,10.0000000000,50.0000000000
22.0000000000,87.0000000000,0.0000000842,50.0000000000,100.0000000000,0.1000000000,10.0000000000,50.0000000000
22.0000000000,88.0000000000,0.0000001179,50.0000000000,100.0000000000,0.1000000000,10.0000000000,50.0000000000
22.0000000000,89.0000000000,0.0000000805,50.0000000000,100.0000000000,0.1000000000,10.0000000000,50.0000000000
22.0000000000,90.0000000000,0.0000001209,50.0000000000,100.0000000000,0.1000000000,10.0000000000,50.0000000000
22.0000000000,91.0000000000,0.0000001255,50.0000000000,100.0000000000,0.1000000000,10.0000000000,50.0000000000
22.0000000000,92.0000000000,0.0000001496,50.0000000000,100.0000000000,0.1000000000,10.0000000000,50.0000000000
22.0000000000,93.0000000000,0.0000001397,50.0000000000,100.0000000000,0.1000000000,10.0000000000,50.0000000000
22.0000000000,94.0000000000,0.0000001408,50.0000000000,100.0000000000,0.1000000000,10.0000000000,50.0000000000
22.0000000000,95.0000000000,0.0000001781,50.0000000000,100.0000000000,0.1000000000,10.0000000000,50.0000000000
22.0000000000,96.0000000000,0.0000001781,50.0000000000,100.0000000000,0.1000000000,10.0000000000,50.0000000000
22.0000000000,97.0000000000,0.0000001504,50.0000000000,100.0000000000,0.1000000000,10.0000000000,50.0000000000
22.0000000000,98.0000000000,0.0000001468,50.0000000000,100.0000000000,0.1000000000,10.0000000000,50.0000000000
22.0000000000,99.0000000000,0.0000001998,50.0000000000,100.0000000000,0.1000000000,10.0000000000,50.0000000000
22.0000000000,100.0000000000,0.0000001652,50.0000000000,100.0000000000,0.1000000000,10.0000000000,50.0000000000
22.0000000000,101.0000000000,0.0000002055,50.0000000000,100.0000000000,0.1000000000,10.0000000000,50.0000000000
22.0000000000,102.0000000000,0.0000001647,50.0000000000,100.0000000000,0.1000000000,10.0000000000,50.0000000000
22.0000000000,103.0000000000,0.0000001744,50.0000000000,100.0000000000,0.1000000000,10.0000000000,50.0000000000
22.0000000000,104.0000000000,0.0000001745,50.0000000000,100.0000000000,0.1000000000,10.0000000000,50.0000000000
22.0000000000,105.0000000000,0.0000001528,50.0000000000,100.0000000000,0.1000000000,10.0000000000,50.0000000000
22.0000000000,106.0000000000,0.0000001338,50.0000000000,100.0000000000,0.1000000000,10.0000000000,50.0000000000
22.0000000000,107.0000000000,0.0000001338,50.0000000000,100.0000000000,0.1000000000,10.0000000000,50.0000000000
22.0000000000,108.0000000000,0.0000001135,50.0000000000,100.0000000000,0.1000000000,10.0000000000,50.0000000000
22.0000000000,109.0000000000,0.0000001051,50.0000000000,100.0000000000,0.1000000000,10.0000000000,50.0000000000
22.0000000000,110.0000000000,0.0000000704,50.0000000000,100.0000000000,0.1000000000,10.0000000000,50.0000000000
22.0000000000,111.0000000000,0.0000000574,50.0000000000,100.0000000000,0.1000000000,10.0000000000,50.0000000000
22.0000000000,112.0000000000,0.0000000953,50.0000000000,100.0000000000,0.1000000000,10.0000000000,50.0000000000
22.0000000000,113.0000000000,0.0000000764,50.0000000000,100.0000000000,0.1000000000,10.0000000000,50.0000000000
22.0000000000,114.0000000000,0.0000000533,50.0000000000,100.0000000000,0.1000000000,10.0000000000,50.0000000000
22.0000000000,115.0000000000,0.0000000348,50.0000000000,100.0000000000,0.1000000000,10.0000000000,50.0000000000
22.0000000000,116.0000000000,0.0000000141,50.0000000000,100.0000000000,0.1000000000,10.0000000000,50.0000000000
22.0000000000,117.0000000000,0.0000000319,50.0000000000,100.0000000000,0.1000000000,10.0000000000,50.0000000000
22.0000000000,118.0000000000,0.0000000354,50.0000000000,100.0000000000,0.1000000000,10.0000000000,50.0000000000
22.0000000000,119.0000000000,0.0000000155,50.0000000000,100.0000000000,0.1000000000,10.0000000000,50.0000000000
22.0000000000,120.0000000000,0.0000000252,50.0000000000,100.0000000000,0.1000000000,10.0000000000,50.0000000000
22.0000000000,121.0000000000,0.0000000110,50.0000000000,100.0000000000,0.1000000000,10.0000000000,50.0000000000
22.0000000000,122.0000000000,0.0000000280,50.0000000000,100.0000000000,0.1000000000,10.0000000000,50.0000000000
22.0000000000,123.0000000000,0.0000000351,50.0000000000,100.0000000000,0.1000000000,10.0000000000,50.0000000000
22.0000000000,124.0000000000,0.0000000008,50.0000000000,100.0000000000,0.1000000000,10.0000000000,50.0000000000
22.0000000000,125.0000000000,0.0000000026,50.0000000000,100.0000000000,0.1000000000,10.0000000000,50.0000000000
22.0000000000,126.0000000000,0.0000000099,50.0000000000,100.0000000000,0.1000000000,10.0000000000,50.0000000000
22.0000000000,127.0000000000,0.0000000055,50.0000000000,100.0000000000,0.1000000000,10.0000000000,50.0000000000
22.0000000000,128.0000000000,0.0000000016,50.0000000000,100.0000000000,0.1000000000,10.0000000000,50.0000000000
22.0000000000,129.0000000000,0.0000000018,50.0000000000,100.0000000000,0.1000000000,10.0000000000,50.0000000000
22.0000000000,130.0000000000,0.0000000066,50.0000000000,100.0000000000,0.1000000000,10.0000000000,50.0000000000
22.0000000000,131.0000000000,0.0000000039,50.0000000000,100.0000000000,0.1000000000,10.0000000000,50.0000000000
22.0000000000,133.0000000000,0.0000000039,50.0000000000,100.0000000000,0.1000000000,10.0000000000,50.0000000000
23.0000000000,66.0000000000,0.0000000113,50.0000000000,100.0000000000,0.1000000000,10.0000000000,50.0000000000
23.0000000000,67.0000000000,0.0000000092,50.0000000000,100.0000000000,0.1000000000,10.0000000000,50.0000000000
23.0000000000,68.0000000000,0.0000000253,50.0000000000,100.0000000000,0.1000000000,10.0000000000,50.0000000000
23.0000000000,69.0000000000,0.0000000129,50.0000000000,100.0000000000,0.1000000000,10.0000000000,50.0000000000
23.0000000000,70.0000000000,0.0000000011,50.0000000000,100.0000000000,0.1000000000,10.0000000000,50.0000000000
23.0000000000,71.0000000000,0.0000000056,50.0000000000,100.0000000000,0.1000000000,10.0000000000,50.0000000000
23.0000000000,72.0000000000,0.0000000063,50.0000000000,100.0000000000,0.1000000000,10.0000000000,50.0000000000
23.0000000000,73.0000000000,0.0000000083,50.0000000000,100.0000000000,0.1000000000,10.0000000000,50.0000000000
23.0000000000,74.0000000000,0.0000000347,50.0000000000,100.0000000000,0.1000000000,10.0000000000,50.0000000000
23.0000000000,75.0000000000,0.0000000161,50.0000000000,100.0000000000,0.1000000000,10.0000000000,50.0000000000
23.0000000000,76.0000000000,0.0000000516,50.0000000000,100.0000000000,0.1000000000,10.0000000000,50.0000000000
23.0000000000,77.0000000000,0.0000000468,50.0000000000,100.0000000000,0.1000000000,10.0000000000,50.0000000000
23.0000000000,78.0000000000,0.0000000232,50.0000000000,100.0000000000,0.1000000000,10.0000000000,50.0000000000
23.0000000000,79.0000000000,0.0000000881,50.0000000000,100.0000000000,0.1000000000,10.0000000000,50.0000000000
23.0000000000,80.0000000000,0.0000000820,50.0000000000,100.0000000000,0.1000000000,10.0000000000,50.0000000000
23.0000000000,81.0000000000,0.0000000954,50.0000000000,100.0000000000,0.1000000000,10.0000000000,50.0000000000
23.0000000000,82.0000000000,0.0000000721,50.0000000000,100.0000000000,0.1000000000,10.0000000000,50.0000000000
23.0000000000,83.0000000000,0.0000001062,50.0000000000,100.0000000000,0.1000000000,10.0000000000,50.0000000000
23.0000000000,84.0000000000,0.0000001337,50.0000000000,100.0000000000,0.1000000000,10.0000000000,50.0000000000
23.0000000000,85.0000000000,0.0000001013,50.0000000000,100.0000000000,0.1000000000,10.0000000000,50.0000000000
23.0000000000,86.0000000000,0.0000001183,50.0000000000,100.0000000000,0.1000000000,10.0000000000,50.0000000000
23.0000000000,87.0000000000,0.0000001311,50.0000000000,100.0000000000,0.1000000000,10.0000000000,50.0000000000
23.0000000000,88.0000000000,0.0000002054,50.0000000000,100.0000000000,0.1000000000,10.0000000000,50.0000000000
23.0000000000,89.0000000000,0.0000002630,50.0000000000,100.0000000000,0.1000000000,10.0000000000,50.0000000000
23.0000000000,90.0000000000,0.0000002899,50.0000000000,100.0000000000,0.1000000000,10.0000000000,50.0000000000
23.0000000000,91.0000000000,0.0000002390,50.0000000000,100.0000000000,0.1000000000,10.0000000000,50.0000000000
23.0000000000,92.0000000000,0.0000001890,50.0000000000,100.0000000000,0.1000000000,10.0000000000,50.0000000000
23.0000000000,93.0000000000,0.0000002323,50.0000000000,100.0000000000,0.1000000000,10.0000000000,50.0000000000
23.0000000000,94.0000000000,0.0000003519,50.0000000000,100.0000000000,0.1000000000,10.0000000000,50.0000000000
23.0000000000,95.0000000000,0.0000003741,50.0000000000,100.0000000000,0.1000000000,10.0000000000,50.0000000000
23.0000000000,96.0000000000,0.0000003731,50.0000000000,100.0000000000,0.1000000000,10.0000000000,50.0000000000
23.0000000000,97.0000000000,0.0000003868,50.0000000000,100.0000000000,0.1000000000,10.0000000000,50.0000000000
23.0000000000,98.0000000000,0.0000003215,50.0000000000,100.0000000000,0.1000000000,10.0000000000,50.0000000000
23.0000000000,99.0000000000,0.0000003355,50.0000000000,100.0000000000,0.1000000000,10.0000000000,50.0000000000
23.0000000000,100.0000000000,0.0000003260,50.0000000000,100.0000000000,0.1000000000,10.0000000000,50.0000000000
23.0000000000,101.0000000000,0.0000003823,50.0000000000,100.0000000000,0.1000000000,10.0000000000,50.0000000000
23.0000000000,102.0000000000,0.0000003845,50.0000000000,100.0000000000,0.1000000000,10.0000000000,50.0000000000
23.0000000000,103.0000000000,0.0000003464,50.0000000000,100.0000000000,0.1000000000,10.0000000000,50.0000000000
23.0000000000,104.0000000000,0.0000003175,50.0000000000,100.0000000000,0.1000000000,10.0000000000,50.0000000000
23.0000000000,105.0000000000,0.0000002951,50.0000000000,100.0000000000,0.1000000000,10.0000000000,50.0000000000
23.0000000000,106.0000000000,0.0000003803,50.0000000000,100.0000000000,0.1000000000,10.0000000000,50.0000000000
23.0000000000,107.0000000000,0.0000003070,50.0000000000,100.0000000000,0.1000000000,10.0000000000,50.0000000000
23.0000000000,108.0000000000,0.0000002386,50.0000000000,100.0000000000,0.1000000000,10.0000000000,50.0000000000
23.0000000000,109.0000000000,0.0000002197,50.0000000000,100.0000000000,0.1000000000,10.0000000000,50.0000000000
23.0000000000,110.0000000000,0.0000002233,50.0000000000,100.0000000000,0.1000000000,10.0000000000,50.0000000000
23.0000000000,111.0000000000,0.0000001474,50.0000000000,100.0000000000,0.1000000000,10.0000000000,50.0000000000
23.0000000000,112.0000000000,0.0000001841,50.0000000000,100.0000000000,0.1000000000,10.0000000000,50.0000000000
23.0000000000,113.0000000000,0.0000001383,50.0000000000,100.0000000000,0.1000000000,10.0000000000,50.0000000000
23.0000000000,114.0000000000,0.0000001066,50.0000000000,100.0000000000,0.1000000000,10.0000000000,50.0000000000
23.0000000000,115.0000000000,0.0000000773,50.0000000000,100.0000000000,0.1000000000,10.0000000000,50.0000000000
23.0000000000,116.0000000000,0.0000000712,50.0000000000,100.0000000000,0.1000000000,10.0000000000,50.0000000000
23.0000000000,117.0000000000,0.0000000874,50.0000000000,100.0000000000,0.1000000000,10.0000000000,50.0000000000
23.0000000000,118.0000000000,0.0000001258,50.0000000000,100.0000000000,0.1000000000,10.0000000000,50.0000000000
23.0000000000,119.0000000000,0.0000000441,50.0000000000,100.0000000000,0.1000000000,10.0000000000,50.0000000000
23.0000000000,120.0000000000,0.0000000267,50.0000000000,100.0000000000,0.1000000000,10.0000000000,50.0000000000
23.0000000000,121.0000000000,0.0000000420,50.0000000000,100.0000000000,0.1000000000,10.0000000000,50.0000000000
23.0000000000,122.0000000000,0.0000000245,50.0000000000,100.0000000000,0.1000000000,10.0000000000,50.0000000000
23.0000000000,123.0000000000,0.0000000293,50.0000000000,100.0000000000,0.1000000000,10.0000000000,50.0000000000
23.0000000000,124.0000000000,0.0000000340,50.0000000000,100.0000000000,0.1000000000,10.0000000000,50.0000000000
23.0000000000,125.0000000000,0.0000000051,50.0000000000,100.0000000000,0.1000000000,10.0000000000,50.0000000000
23.0000000000,126.0000000000,0.0000000114,50.0000000000,100.0000000000,0.1000000000,10.0000000000,50.0000000000
23.0000000000,127.0000000000,0.0000000163,50.0000000000,100.0000000000,0.1000000000,10.0000000000,50.0000000000
23.0000000000,128.0000000000,0.0000000157,50.0000000000,100.0000000000,0.1000000000,10.0000000000,50.0000000000
23.0000000000,129.0000000000,0.0000000135,50.0000000000,100.0000000000,0.1000000000,10.0000000000,50.0000000000
23.0000000000,130.0000000000,0.0000000026,50.0000000000,100.0000000000,0.1000000000,10.0000000000,50.0000000000
23.0000000000,131.0000000000,0.0000000126,50.0000000000,100.0000000000,0.1000000000,10.0000000000,50.0000000000
23.0000000000,133.0000000000,0.0000000034,50.0000000000,100.0000000000,0.1000000000,10.0000000000,50.0000000000
23.0000000000,138.0000000000,0.0000000015,50.0000000000,100.0000000000,0.1000000000,10.0000000000,50.0000000000
24.0000000000,66.0000000000,0.0000000030,50.0000000000,100.0000000000,0.1000000000,10.0000000000,50.0000000000
24.0000000000,67.0000000000,0.0000000150,50.0000000000,100.0000000000,0.1000000000,10.0000000000,50.0000000000
24.0000000000,68.0000000000,0.0000000218,50.0000000000,100.0000000000,0.1000000000,10.0000000000,50.0000000000
24.0000000000,69.0000000000,0.0000000013,50.0000000000,100.0000000000,0.1000000000,10.0000000000,50.0000000000
24.0000000000,70.0000000000,0.0000000090,50.0000000000,100.0000000000,0.1000000000,10.0000000000,50.0000000000
24.0000000000,71.0000000000,0.0000000182,50.0000000000,100.0000000000,0.1000000000,10.0000000000,50.0000000000
24.0000000000,72.0000000000,0.0000000273,50.0000000000,100.0000000000,0.1000000000,10.0000000000,50.0000000000
24.0000000000,73.0000000000,0.0000000448,50.0000000000,100.0000000000,0.1000000000,10.0000000000,50.0000000000
24.0000000000,74.0000000000,0.0000000206,50.0000000000,100.0000000000,0.1000000000,10.0000000000,50.0000000000
24.0000000000,75.0000000000,0.0000000321,50.0000000000,100.0000000000,0.1000000000,10.0000000000,50.0000000000
24.0000000000,76.0000000000,0.0000000501,50.0000000000,100.0000000000,0.1000000000,10.0000000000,50.0000000000
24.0000000000,77.0000000000,0.0000000871,50.0000000000,100.0000000000,0.1000000000,10.0000000000,50.0000000000
24.0000000000,78.0000000000,0.0000000876,50.0000000000,100.0000000000,0.1000000000,10.0000000000,50.0000000000
24.0000000000,79.0000000000,0.0000000944,50.0000000000,100.0000000000,0.1000000000,10.0000000000,50.0000000000
24.0000000000,80.0000000000,0.0000000940,50.0000000000,100.0000000000,0.1000000000,10.0000000000,50.0000000000
24.0000000000,81.0000000000,0.0000001761,50.0000000000,100.0000000000,0.1000000000,10.0000000000,50.0000000000
24.0000000000,82.0000000000,0.0000001848,50.0000000000,100.0000000000,0.1000000000,10.0000000000,50.0000000000
24.0000000000,83.0000000000,0.0000001700,50.0000000000,100.0000000000,0.1000000000,10.0000000000,50.0000000000
24.0000000000,84.0000000000,0.0000001753,50.0000000000,100.0000000000,0.1000000000,10.0000000000,50.0000000000
24.0000000000,85.0000000000,0.0000002234,50.0000000000,100.0000000000,0.1000000000,10.0000000000,50.0000000000
24.0000000000,86.0000000000,0.0000002504,50.0000000000,100.0000000000,0.1000000000,10.0000000000,50.0000000000
24.0000000000,87.0000000000,0.0000003736,50.0000000000,100.0000000000,0.1000000000,10.0000000000,50.0000000000
24.0000000000,88.0000000000,0.0000004386,50.0000000000,100.0000000000,0.1000000000,10.0000000000,50.0000000000
24.0000000000,89.0000000000,0.0000003979,50.0000000000,100.0000000000,0.1000000000,10.0000000000,50.0000000000
24.0000000000,90.0000000000,0.0000005355,50.0000000000,100.0000000000,0.1000000000,10.0000000000,50.0000000000
24.0000000000,91.0000000000,0.0000005056,50.0000000000,100.0000000000,0.1000000000,10.0000000000,50.0000000000
24.0000000000,92.0000000000,0.0000005075,50.0000000000,100.0000000000,0.1000000000,10.0000000000,50.0000000000
24.0000000000,93.0000000000,0.0000005739,50.0000000000,100.0000000000,0.1000000000,10.0000000000,50.0000000000
24.0000000000,94.0000000000,0.0000007750,50.0000000000,100.0000000000,0.1000000000,10.0000000000,50.0000000000
24.0000000000,95.0000000000,0.0000007190,50.0000000000,100.0000000000,0.1000000000,10.0000000000,50.0000000000
24.0000000000,96.0000000000,0.0000007449,50.0000000000,100.0000000000,0.1000000000,10.0000000000,50.0000000000
24.0000000000,97.0000000000,0.0000007419,50.0000000000,100.0000000000,0.1000000000,10.0000000000,50.0000000000
24.0000000000,98.0000000000,0.0000006915,50.0000000000,100.0000000000,0.1000000000,10.0000000000,50.0000000000
24.0000000000,99.0000000000,0.0000006964,50.0000000000,100.0000000000,0.1000000000,10.0000000000,50.0000000000
24.0000000000,100.0000000000,0.0000007189,50.0000000000,100.0000000000,0.1000000000,10.0000000000,50.0000000000
24.0000000000,101.0000000000,0.0000007378,50.0000000000,100.0000000000,0.1000000000,10.0000000000,50.0000000000
24.0000000000,102.0000000000,0.0000008195,50.0000000000,100.0000000000,0.1000000000,10.0000000000,50.0000000000
24.0000000000,103.0000000000,0.0000008247,50.0000000000,100.0000000000,0.1000000000,10.0000000000,50.0000000000
24.0000000000,104.0000000000,0.0000006636,50.0000000000,100.0000000000,0.1000000000,10.0000000000,50.0000000000
24.0000000000,105.0000000000,0.0000007258,50.0000000000,100.0000000000,0.1000000000,10.0000000000,50.0000000000
24.0000000000,106.0000000000,0.0000006875,50.0000000000,100.0000000000,0.1000000000,10.0000000000,50.0000000000
24.0000000000,107.0000000000,0.0000005724,50.0000000000,100.0000000000,0.1000000000,10.0000000000,50.0000000000
24.0000000000,108.0000000000,0.0000005209,50.0000000000,100.0000000000,0.1000000000,10.0000000000,50.0000000000
24.0000000000,109.0000000000,0.0000005094,50.0000000000,100.0000000000,0.1000000000,10.0000000000,50.0000000000
24.0000000000,110.0000000000,0.0000004109,50.0000000000,100.0000000000,0.1000000000,10.0000000000,50.0000000000
24.0000000000,111.0000000000,0.0000003714,50.0000000000,100.0000000000,0.1000000000,10.0000000000,50.0000000000
24.0000000000,112.0000000000,0.0000002837,50.0000000000,100.0000000000,0.1000000000,10.0000000000,50.0000000000
24.0000000000,113.0000000000,0.0000002975,50.0000000000,100.0000000000,0.1000000000,10.0000000000,50.0000000000
24.0000000000,114.0000000000,0.0000002912,50.0000000000,100.0000000000,0.1000000000,10.0000000000,50.0000000000
24.0000000000,115.0000000000,0.0000002361,50.0000000000,100.0000000000,0.1000000000,10.0000000000,50.0000000000
24.0000000000,116.0000000000,0.0000001571,50.0000000000,100.0000000000,0.1000000000,10.0000000000,50.0000000000
24.0000000000,117.0000000000,0.0000001292,50.0000000000,100.0000000000,0.1000000000,10.0000000000,50.0000000000
24.0000000000,118.0000000000,0.0000001768,50.0000000000,100.0000000000,0.1000000000,10.0000000000,50.0000000000
24.0000000000,119.0000000000,0.0000001666,50.0000000000,100.0000000000,0.1000000000,10.0000000000,50.0000000000
24.0000000000,120.0000000000,0.0000001227,50.0000000000,100.0000000000,0.1000000000,10.0000000000,50.0000000000
24.0000000000,121.0000000000,0.0000000878,50.0000000000,100.0000000000,0.1000000000,10.0000000000,50.0000000000
24.0000000000,122.0000000000,0.0000000578,50.0000000000,100.0000000000,0.1000000000,10.0000000000,50.0000000000
24.0000000000,123.0000000000,0.0000000365,50.0000000000,100.0000000000,0.1000000000,10.0000000000,50.0000000000
24.0000000000,124.0000000000,0.0000000424,50.0000000000,100.0000000000,0.1000000000,10.0000000000,50.0000000000
24.0000000000,125.0000000000,0.0000000250,50.0000000000,100.0000000000,0.1000000000,10.0000000000,50.0000000000
24.0000000000,126.0000000000,0.0000000428,50.0000000000,100.0000000000,0.1000000000,10.0000000000,50.0000000000
24.0000000000,127.0000000000,0.0000000087,50.0000000000,100.0000000000,0.1000000000,10.0000000000,50.0000000000
24.0000000000,128.0000000000,0.0000000011,50.0000000000,100.0000000000,0.1000000000,10.0000000000,50.0000000000
24.0000000000,129.0000000000,0.0000000212,50.0000000000,100.0000000000,0.1000000000,10.0000000000,50.0000000000
24.0000000000,130.0000000000,0.0000000097,50.0000000000,100.0000000000,0.1000000000,10.0000000000,50.0000000000
24.0000000000,131.0000000000,0.0000000120,50.0000000000,100.0000000000,0.1000000000,10.0000000000,50.0000000000
24.0000000000,133.0000000000,0.0000000037,50.0000000000,100.0000000000,0.1000000000,10.0000000000,50.0000000000
24.0000000000,134.0000000000,0.0000000034,50.0000000000,100.0000000000,0.1000000000,10.0000000000,50.0000000000
24.0000000000,137.0000000000,0.0000000004,50.0000000000,100.0000000000,0.1000000000,10.0000000000,50.0000000000
24.0000000000,138.0000000000,0.0000000102,50.0000000000,100.0000000000,0.1000000000,10.0000000000,50.0000000000
25.0000000000,53.0000000000,0.0000000072,50.0000000000,100.0000000000,0.1000000000,10.0000000000,50.0000000000
25.0000000000,54.0000000000,0.0000000020,50.0000000000,100.0000000000,0.1000000000,10.0000000000,50.0000000000
25.0000000000,55.0000000000,0.0000000001,50.0000000000,100.0000000000,0.1000000000,10.0000000000,50.0000000000
25.0000000000,56.0000000000,0.0000000038,50.0000000000,100.0000000000,0.1000000000,10.0000000000,50.0000000000
25.0000000000,66.0000000000,0.0000000062,50.0000000000,100.0000000000,0.1000000000,10.0000000000,50.0000000000
25.0000000000,67.0000000000,0.0000000158,50.0000000000,100.0000000000,0.1000000000,10.0000000000,50.0000000000
25.0000000000,68.0000000000,0.0000000212,50.0000000000,100.0000000000,0.1000000000,10.0000000000,50.0000000000
25.0000000000,69.0000000000,0.0000000123,50.0000000000,100.0000000000,0.1000000000,10.0000000000,50.0000000000
25.0000000000,70.0000000000,0.0000000133,50.0000000000,100.0000000000,0.1000000000,10.0000000000,50.0000000000
25.0000000000,71.0000000000,0.0000000223,50.0000000000,100.0000000000,0.1000000000,10.0000000000,50.0000000000
25.0000000000,72.0000000000,0.0000000281,50.0000000000,100.0000000000,0.1000000000,10.0000000000,50.0000000000
25.0000000000,73.0000000000,0.0000000623,50.0000000000,100.0000000000,0.1000000000,10.0000000000,50.0000000000
25.0000000000,74.0000000000,0.0000000565,50.0000000000,100.0000000000,0.1000000000,10.0000000000,50.0000000000
25.0000000000,75.0000000000,0.0000000675,50.0000000000,100.0000000000,0.1000000000,10.0000000000,50.0000000000
25.0000000000,76.0000000000,0.0000000840,50.0000000000,100.0000000000,0.1000000000,10.0000000000,50.0000000000
25.0000000000,77.0000000000,0.0000001883,50.0000000000,100.0000000000,0.1000000000,10.0000000000,50.0000000000
25.0000000000,78.0000000000,0.0000001686,50.0000000000,100.0000000000,0.1000000000,10.0000000000,50.0000000000
25.0000000000,79.0000000000,0.0000001914,50.0000000000,100.0000000000,0.1000000000,10.0000000000,50.0000000000
25.0000000000,80.0000000000,0.0000002074,50.0000000000,100.0000000000,0.1000000000,10.0000000000,50.0000000000
25.0000000000,81.0000000000,0.0000002936,50.0000000000,100.0000000000,0.1000000000,10.0000000000,50.0000000000
25.0000000000,82.0000000000,0.0000003713,50.0000000000,100.0000000000,0.1000000000,10.0000000000,50.0000000000
25.0000000000,83.0000000000,0.0000003584,50.0000000000,100.0000000000,0.1000000000,10.0000000000,50.0000000000
25.0000000000,84.0000000000,0.0000004298,50.0000000000,100.0000000000,0.1000000000,10.0000000000,50.0000000000
25.0000000000,85.0000000000,0.0000005054,50.0000000000,100.0000000000,0.1000000000,10.0000000000,50.0000000000
25.0000000000,86.0000000000,0.0000005125,50.0000000000,100.0000000000,0.1000000000,10.0000000000,50.0000000000
25.0000000000,87.0000000000,0.0000007703,50.0000000000,100.0000000000,0.1000000000,10.0000000000,50.0000000000
25.0000000000,88.0000000000,0.0000007342,50.0000000000,100.0000000000,0.1000000000,10.0000000000,50.0000000000
25.0000000000,89.0000000000,0.0000008099,50.0000000000,100.0000000000,0.1000000000,10.0000000000,50.0000000000
25.0000000000,90.0000000000,0.0000009523,50.0000000000,100.0000000000,0.1000000000,10.0000000000,50.0000000000
25.0000000000,91.0000000000,0.0000010731,50.0000000000,100.0000000000,0.1000000000,10.0000000000,50.0000000000
25.0000000000,92.0000000000,0.0000010013,50.0000000000,100.0000000000,0.1000000000,10.0000000000,50.0000000000
25.0000000000,93.0000000000,0.0000012219,50.0000000000,100.0000000000,0.1000000000,10.0000000000,50.0000000000
25.0000000000,94.0000000000,0.0000013695,50.0000000000,100.0000000000,0.1000000000,10.0000000000,50.0000000000
25.0000000000,95.0000000000,0.0000013716,50.0000000000,100.0000000000,0.1000000000,10.0000000000,50.0000000000
25.0000000000,96.0000000000,0.0000013495,50.0000000000,100.0000000000,0.1000000000,10.0000000000,50.0000000000
25.0000000000,97.0000000000,0.0000013955,50.0000000000,100.0000000000,0.1000000000,10.0000000000,50.0000000000
25.0000000000,98.0000000000,0.0000013384,50.0000000000,100.0000000000,0.1000000000,10.0000000000,50.0000000000
25.0000000000,99.0000000000,0.0000014223,50.0000000000,100.0000000000,0.1000000000,10.0000000000,50.0000000000
25.0000000000,100.0000000000,0.0000014058,50.0000000000,100.0000000000,0.1000000000,10.0000000000,50.0000000000
25.0000000000,101.0000000000,0.0000014255,50.0000000000,100.0000000000,0.1000000000,10.0000000000,50.0000000000
25.0000000000,102.0000000000,0.0000016074,50.0000000000,100.0000000000,0.1000000000,10.0000000000,50.0000000000
25.0000000000,103.0000000000,0.0000013810,50.0000000000,100.0000000000,0.1000000000,10.0000000000,50.0000000000
25.0000000000,104.0000000000,0.0000015275,50.0000000000,100.0000000000,0.1000000000,10.0000000000,50.0000000000
25.0000000000,105.0000000000,0.0000013386,50.0000000000,100.0000000000,0.1000000000,10.0000000000,50.0000000000
25.0000000000,106.0000000000,0.0000013149,50.0000000000,100.0000000000,0.1000000000,10.0000000000,50.0000000000
25.0000000000,107.0000000000,0.0000011049,50.0000000000,100.0000000000,0.1000000000,10.0000000000,50.0000000000
25.0000000000,108.0000000000,0.0000010194,50.0000000000,100.0000000000,0.1000000000,10.0000000000,50.0000000000
25.0000000000,109.0000000000,0.0000009187,50.0000000000,100.0000000000,0.1000000000,10.0000000000,50.0000000000
25.0000000000,110.0000000000,0.0000008545,50.0000000000,100.0000000000,0.1000000000,10.0000000000,50.0000000000
25.0000000000,111.0000000000,0.0000008063,50.0000000000,100.0000000000,0.1000000000,10.0000000000,50.0000000000
25.0000000000,112.0000000000,0.0000006573,50.0000000000,100.0000000000,0.1000000000,10.0000000000,50.0000000000
25.0000000000,113.0000000000,0.0000005842,50.0000000000,100.0000000000,0.1000000000,10.0000000000,50.0000000000
25.0000000000,114.0000000000,0.0000005293,50.0000000000,100.0000000000,0.1000000000,10.0000000000,50.0000000000
25.0000000000,115.0000000000,0.0000003930,50.0000000000,100.0000000000,0.1000000000,10.0000000000,50.0000000000
25.0000000000,116.0000000000,0.0000003957,50.0000000000,100.0000000000,0.1000000000,10.0000000000,50.0000000000
25.0000000000,117.0000000000,0.0000002552,50.0000000000,100.0000000000,0.1000000000,10.0000000000,50.0000000000
25.0000000000,118.0000000000,0.0000002766,50.0000000000,100.0000000000,0.1000000000,10.0000000000,50.0000000000
25.0000000000,119.0000000000,0.0000003190,50.0000000000,100.0000000000,0.1000000000,10.0000000000,50.0000000000
25.0000000000,120.0000000000,0.0000002381,50.0000000000,100.0000000000,0.1000000000,10.0000000000,50.0000000000
25.0000000000,121.0000000000,0.0000001750,50.0000000000,100.0000000000,0.1000000000,10.0000000000,50.0000000000
25.0000000000,122.0000000000,0.0000001593,50.0000000000,100.0000000000,0.1000000000,10.0000000000,50.0000000000
25.0000000000,123.0000000000,0.0000000628,50.0000000000,100.0000000000,0.1000000000,10.0000000000,50.0000000000
25.0000000000,124.0000000000,0.0000000881,50.0000000000,100.0000000000,0.1000000000,10.0000000000,50.0000000000
25.0000000000,125.0000000000,0.0000000568,50.0000000000,100.0000000000,0.1000000000,10.0000000000,50.0000000000
25.0000000000,126.0000000000,0.0000000706,50.0000000000,100.0000000000,0.1000000000,10.0000000000,50.0000000000
25.0000000000,127.0000000000,0.0000000246,50.0000000000,100.0000000000,0.1000000000,10.0000000000,50.0000000000
25.0000000000,128.0000000000,0.0000000288,50.0000000000,100.0000000000,0.1000000000,10.0000000000,50.0000000000
25.0000000000,129.0000000000,0.0000000155,50.0000000000,100.0000000000,0.1000000000,10.0000000000,50.0000000000
25.0000000000,130.0000000000,0.0000000091,50.0000000000,100.0000000000,0.1000000000,10.0000000000,50.0000000000
25.0000000000,131.0000000000,0.0000000231,50.0000000000,100.0000000000,0.1000000000,10.0000000000,50.0000000000
25.0000000000,132.0000000000,0.0000000013,50.0000000000,100.0000000000,0.1000000000,10.0000000000,50.0000000000
25.0000000000,133.0000000000,0.0000000100,50.0000000000,100.0000000000,0.1000000000,10.0000000000,50.0000000000
25.0000000000,134.0000000000,0.0000000015,50.0000000000,100.0000000000,0.1000000000,10.0000000000,50.0000000000
25.0000000000,135.0000000000,0.0000000022,50.0000000000,100.0000000000,0.1000000000,10.0000000000,50.0000000000
25.0000000000,136.0000000000,0.0000000003,50.0000000000,100.0000000000,0.1000000000,10.0000000000,50.0000000000
25.0000000000,137.0000000000,0.0000000026,50.0000000000,100.0000000000,0.1000000000,10.0000000000,50.0000000000
25.0000000000,138.0000000000,0.0000000039,50.0000000000,100.0000000000,0.1000000000,10.0000000000,50.0000000000
25.0000000000,142.0000000000,0.0000000001,50.0000000000,100.0000000000,0.1000000000,10.0000000000,50.0000000000
26.0000000000,52.0000000000,0.0000000036,50.0000000000,100.0000000000,0.1000000000,10.0000000000,50.0000000000
26.0000000000,53.0000000000,0.0000000077,50.0000000000,100.0000000000,0.1000000000,10.0000000000,50.0000000000
26.0000000000,54.0000000000,0.0000000111,50.0000000000,100.0000000000,0.1000000000,10.0000000000,50.0000000000
26.0000000000,56.0000000000,0.0000000055,50.0000000000,100.0000000000,0.1000000000,10.0000000000,50.0000000000
26.0000000000,57.0000000000,0.0000000045,50.0000000000,100.0000000000,0.1000000000,10.0000000000,50.0000000000
26.0000000000,61.0000000000,0.0000000003,50.0000000000,100.0000000000,0.1000000000,10.0000000000,50.0000000000
26.0000000000,65.0000000000,0.0000000005,50.0000000000,100.0000000000,0.1000000000,10.0000000000,50.0000000000
26.0000000000,66.0000000000,0.0000000091,50.0000000000,100.0000000000,0.1000000000,10.0000000000,50.0000000000
26.0000000000,67.0000000000,0.0000000315,50.0000000000,100.0000000000,0.1000000000,10.0000000000,50.0000000000
26.0000000000,68.0000000000,0.0000000150,50.0000000000,100.0000000000,0.1000000000,10.0000000000,50.0000000000
26.0000000000,69.0000000000,0.0000000319,50.0000000000,100.0000000000,0.1000000000,10.0000000000,50.0000000000
26.0000000000,70.0000000000,0.0000000410,50.0000000000,100.0000000000,0.1000000000,10.0000000000,50.0000000000
26.0000000000,71.0000000000,0.0000000569,50.0000000000,100.0000000000,0.1000000000,10.0000000000,50.0000000000
26.0000000000,72.0000000000,0.0000000545,50.0000000000,100.0000000000,0.1000000000,10.0000000000,50.0000000000
26.0000000000,73.0000000000,0.0000000938,50.0000000000,100.0000000000,0.1000000000,10.0000000000,50.0000000000
26.0000000000,74.0000000000,0.0000001092,50.0000000000,100.0000000000,0.1000000000,10.0000000000,50.0000000000
26.0000000000,75.0000000000,0.0000001293,50.0000000000,100.0000000000,0.1000000000,10.0000000000,50.0000000000
26.0000000000,76.0000000000,0.0000001274,50.0000000000,100.0000000000,0.1000000000,10.0000000000,50.0000000000
26.0000000000,77.0000000000,0.0000002279,50.0000000000,100.0000000000,0.1000000000,10.0000000000,50.0000000000
26.0000000000,78.0000000000,0.0000003054,50.0000000000,100.0000000000,0.1000000000,10.0000000000,50.0000000000
26.0000000000,79.0000000000,0.0000003821,50.0000000000,100.0000000000,0.1000000000,10.0000000000,50.0000000000
26.0000000000,80.0000000000,0.0000004224,50.0000000000,100.0000000000,0.1000000000,10.0000000000,50.0000000000
26.0000000000,81.0000000000,0.0000005226,50.0000000000,100.0000000000,0.1000000000,10.0000000000,50.0000000000
26.0000000000,82.0000000000,0.0000005583,50.0000000000,100.0000000000,0.1000000000,10.0000000000,50.0000000000
26.0000000000,83.0000000000,0.0000006709,50.0000000000,100.0000000000,0.1000000000,10.0000000000,50.0000000000
26.0000000000,84.0000000000,0.0000009468,50.0000000000,100.0000000000,0.1000000000,10.0000000000,50.0000000000
26.0000000000,85.0000000000,0.0000010619,50.0000000000,100.0000000000,0.1000000000,10.0000000000,50.0000000000
26.0000000000,86.0000000000,0.0000011182,50.0000000000,100.0000000000,0.1000000000,10.0000000000,50.0000000000
26.0000000000,87.0000000000,0.0000012802,50.0000000000,100.0000000000,0.1000000000,10.0000000000,50.0000000000
26.0000000000,88.0000000000,0.0000013377,50.0000000000,100.0000000000,0.1000000000,10.0000000000,50.0000000000
26.0000000000,89.0000000000,0.0000015948,50.0000000000,100.0000000000,0.1000000000,10.0000000000,50.0000000000
26.0000000000,90.0000000000,0.0000017337,50.0000000000,100.0000000000,0.1000000000,10.0000000000,50.0000000000
26.0000000000,91.0000000000,0.0000019607,50.0000000000,100.0000000000,0.1000000000,10.0000000000,50.0000000000
26.0000000000,92.0000000000,0.0000020030,50.0000000000,100.0000000000,0.1000000000,10.0000000000,50.0000000000
26.0000000000,93.0000000000,0.0000023762,50.0000000000,100.0000000000,0.1000000000,10.0000000000,50.0000000000
26.0000000000,94.0000000000,0.0000025517,50.0000000000,100.0000000000,0.1000000000,10.0000000000,50.0000000000
26.0000000000,95.0000000000,0.0000025080,50.0000000000,100.0000000000,0.1000000000,10.0000000000,50.0000000000
26.0000000000,96.0000000000,0.0000025290,50.0000000000,100.0000000000,0.1000000000,10.0000000000,50.0000000000
26.0000000000,97.0000000000,0.0000027129,50.0000000000,100.0000000000,0.1000000000,10.0000000000,50.0000000000
26.0000000000,98.0000000000,0.0000027141,50.0000000000,100.0000000000,0.1000000000,10.0000000000,50.0000000000
26.0000000000,99.0000000000,0.0000028274,50.0000000000,100.0000000000,0.1000000000,10.0000000000,50.0000000000
26.0000000000,100.0000000000,0.0000025721,50.0000000000,100.0000000000,0.1000000000,10.0000000000,50.0000000000
26.0000000000,101.0000000000,0.0000028112,50.0000000000,100.0000000000,0.1000000000,10.0000000000,50.0000000000
26.0000000000,102.0000000000,0.0000028507,50.0000000000,100.0000000000,0.1000000000,10.0000000000,50.0000000000
26.0000000000,103.0000000000,0.0000027038,50.0000000000,100.0000000000,0.1000000000,10.0000000000,50.0000000000
26.0000000000,104.0000000000,0.0000027164,50.0000000000,100.0000000000,0.1000000000,10.0000000000,50.0000000000
26.0000000000,105.0000000000,0.0000025810,50.0000000000,100.0000000000,0.1000000000,10.0000000000,50.0000000000
26.0000000000,106.0000000000,0.0000021727,50.0000000000,100.0000000000,0.1000000000,10.0000000000,50.0000000000
26.0000000000,107.0000000000,0.0000021172,50.0000000000,100.0000000000,0.1000000000,10.0000000000,50.0000000000
26.0000000000,108.0000000000,0.0000018829,50.0000000000,100.0000000000,0.1000000000,10.0000000000,50.0000000000
26.0000000000,109.0000000000,0.0000019134,50.0000000000,100.0000000000,0.1000000000,10.0000000000,50.0000000000
26.0000000000,110.0000000000,0.0000017616,50.0000000000,100.0000000000,0.1000000000,10.0000000000,50.0000000000
26.0000000000,111.0000000000,0.0000015226,50.0000000000,100.0000000000,0.1000000000,10.0000000000,50.0000000000
26.0000000000,112.0000000000,0.0000012011,50.0000000000,100.0000000000,0.1000000000,10.0000000000,50.0000000000
26.0000000000,113.0000000000,0.0000011329,50.0000000000,100.0000000000,0.1000000000,10.0000000000,50.0000000000
26.0000000000,114.0000000000,0.0000009608,50.0000000000,100.0000000000,0.1000000000,10.0000000000,50.0000000000
26.0000000000,115.0000000000,0.0000008062,50.0000000000,100.0000000000,0.1000000000,10.0000000000,50.0000000000
26.0000000000,116.0000000000,0.0000007435,50.0000000000,100.0000000000,0.1000000000,10.0000000000,50.0000000000
26.0000000000,117.0000000000,0.0000005615,50.0000000000,100.0000000000,0.1000000000,10.0000000000,50.0000000000
26.0000000000,118.0000000000,0.0000005538,50.0000000000,100.0000000000,0.1000000000,10.0000000000,50.0000000000
26.0000000000,119.0000000000,0.0000005062,50.0000000000,100.0000000000,0.1000000000,10.0000000000,50.0000000000
26.0000000000,120.0000000000,0.0000004021,50.0000000000,100.0000000000,0.1000000000,10.0000000000,50.0000000000
26.0000000000,121.0000000000,0.0000003565,50.0000000000,100.0000000000,0.1000000000,10.0000000000,50.0000000000
26.0000000000,122.0000000000,0.0000002582,50.0000000000,100.0000000000,0.1000000000,10.0000000000,50.0000000000
26.0000000000,123.0000000000,0.0000001500,50.0000000000,100.0000000000,0.1000000000,10.0000000000,50.0000000000
26.0000000000,124.0000000000,0.0000001174,50.0000000000,100.0000000000,0.1000000000,10.0000000000,50.0000000000
26.0000000000,125.0000000000,0.0000000988,50.0000000000,100.0000000000,0.1000000000,10.0000000000,50.0000000000
26.0000000000,126.0000000000,0.0000001030,50.0000000000,100.0000000000,0.1000000000,10.0000000000,50.0000000000
26.0000000000,127.0000000000,0.0000000642,50.0000000000,100.0000000000,0.1000000000,10.0000000000,50.0000000000
26.0000000000,128.0000000000,0.0000000957,50.0000000000,100.0000000000,0.1000000000,10.0000000000,50.0000000000
26.0000000000,129.0000000000,0.0000000438,50.0000000000,100.0000000000,0.1000000000,10.0000000000,50.0000000000
26.0000000000,130.0000000000,0.0000000262,50.0000000000,100.0000000000,0.1000000000,10.0000000000,50.0000000000
26.0000000000,131.0000000000,0.0000000288,50.0000000000,100.0000000000,0.1000000000,10.0000000000,50.0000000000
26.0000000000,132.0000000000,0.0000000110,50.0000000000,100.0000000000,0.1000000000,10.0000000000,50.0000000000
26.0000000000,133.0000000000,0.0000000041,50.0000000000,100.0000000000,0.1000000000,10.0000000000,50.0000000000
26.0000000000,135.0000000000,0.0000000082,50.0000000000,100.0000000000,0.1000000000,10.0000000000,50.0000000000
26.0000000000,136.0000000000,0.0000000259,50.0000000000,100.0000000000,0.1000000000,10.0000000000,50.0000000000
26.0000000000,137.0000000000,0.0000000015,50.0000000000,100.0000000000,0.1000000000,10.0000000000,50.0000000000
26.0000000000,138.0000000000,0.0000000002,50.0000000000,100.0000000000,0.1000000000,10.0000000000,50.0000000000
26.0000000000,142.0000000000,0.0000000008,50.0000000000,100.0000000000,0.1000000000,10.0000000000,50.0000000000
26.0000000000,143.0000000000,0.0000000031,50.0000000000,100.0000000000,0.1000000000,10.0000000000,50.0000000000
26.0000000000,149.0000000000,0.0000000026,50.0000000000,100.0000000000,0.1000000000,10.0000000000,50.0000000000
27.0000000000,52.0000000000,0.0000000031,50.0000000000,100.0000000000,0.1000000000,10.0000000000,50.0000000000
27.0000000000,53.0000000000,0.0000000314,50.0000000000,100.0000000000,0.1000000000,10.0000000000,50.0000000000
27.0000000000,54.0000000000,0.0000000149,50.0000000000,100.0000000000,0.1000000000,10.0000000000,50.0000000000
27.0000000000,56.0000000000,0.0000000047,50.0000000000,100.0000000000,0.1000000000,10.0000000000,50.0000000000
27.0000000000,57.0000000000,0.0000000133,50.0000000000,100.0000000000,0.1000000000,10.0000000000,50.0000000000
27.0000000000,58.0000000000,0.0000000060,50.0000000000,100.0000000000,0.1000000000,10.0000000000,50.0000000000
27.0000000000,61.0000000000,0.0000000027,50.0000000000,100.0000000000,0.1000000000,10.0000000000,50.0000000000
27.0000000000,64.0000000000,0.0000000001,50.0000000000,100.0000000000,0.1000000000,10.0000000000,50.0000000000
27.0000000000,65.0000000000,0.0000000075,50.0000000000,100.0000000000,0.1000000000,10.0000000000,50.0000000000
27.0000000000,66.0000000000,0.0000000214,50.0000000000,100.0000000000,0.1000000000,10.0000000000,50.0000000000
27.0000000000,67.0000000000,0.0000000475,50.0000000000,100.0000000000,0.1000000000,10.0000000000,50.0000000000
27.0000000000,68.0000000000,0.0000000504,50.0000000000,100.0000000000,0.1000000000,10.0000000000,50.0000000000
27.0000000000,69.0000000000,0.0000000823,50.0000000000,100.0000000000,0.1000000000,10.0000000000,50.0000000000
27.0000000000,70.0000000000,0.0000000876,50.0000000000,100.0000000000,0.1000000000,10.0000000000,50.0000000000
27.0000000000,71.0000000000,0.0000001184,50.0000000000,100.0000000000,0.1000000000,10.0000000000,50.0000000000
27.0000000000,72.0000000000,0.0000001393,50.0000000000,100.0000000000,0.1000000000,10.0000000000,50.0000000000
27.0000000000,73.0000000000,0.0000001601,50.0000000000,100.0000000000,0.1000000000,10.0000000000,50.0000000000
27.0000000000,74.0000000000,0.0000002313,50.0000000000,100.0000000000,0.1000000000,10.0000000000,50.0000000000
27.0000000000,75.0000000000,0.0000002523,50.0000000000,100.0000000000,0.1000000000,10.0000000000,50.0000000000
27.0000000000,76.0000000000,0.0000003093,50.0000000000,100.0000000000,0.1000000000,10.0000000000,50.0000000000
27.0000000000,77.0000000000,0.0000004758,50.0000000000,100.0000000000,0.1000000000,10.0000000000,50.0000000000
27.0000000000,78.0000000000,0.0000004813,50.0000000000,100.0000000000,0.1000000000,10.0000000000,50.0000000000
27.0000000000,79.0000000000,0.0000006929,50.0000000000,100.0000000000,0.1000000000,10.0000000000,50.0000000000
27.0000000000,80.0000000000,0.0000008236,50.0000000000,100.0000000000,0.1000000000,10.0000000000,50.0000000000
27.0000000000,81.0000000000,0.0000009561,50.0000000000,100.0000000000,0.1000000000,10.0000000000,50.0000000000
27.0000000000,82.0000000000,0.0000012080,50.0000000000,100.0000000000,0.1000000000,10.0000000000,50.0000000000
27.0000000000,83.0000000000,0.0000014888,50.0000000000,100.0000000000,0.1000000000,10.0000000000,50.0000000000
27.0000000000,84.0000000000,0.0000016136,50.0000000000,100.0000000000,0.1000000000,10.0000000000,50.0000000000
27.0000000000,85.0000000000,0.0000016879,50.0000000000,100.0000000000,0.1000000000,10.0000000000,50.0000000000
27.0000000000,86.0000000000,0.0000022175,50.0000000000,100.0000000000,0.1000000000,10.0000000000,50.0000000000
27.0000000000,87.0000000000,0.0000024695,50.0000000000,100.0000000000,0.1000000000,10.0000000000,50.0000000000
27.0000000000,88.0000000000,0.0000025140,50.0000000000,100.0000000000,0.1000000000,10.0000000000,50.0000000000
27.0000000000,89.0000000000,0.0000030578,50.0000000000,100.0000000000,0.1000000000,10.0000000000,50.0000000000
27.0000000000,90.0000000000,0.0000034636,50.0000000000,100.0000000000,0.1000000000,10.0000000000,50.0000000000
27.0000000000,91.0000000000,0.0000036986,50.0000000000,100.0000000000,0.1000000000,10.0000000000,50.0000000000
27.0000000000,92.0000000000,0.0000038041,50.0000000000,100.0000000000,0.1000000000,10.0000000000,50.0000000000
27.0000000000,93.0000000000,0.0000042946,50.0000000000,100.0000000000,0.1000000000,10.0000000000,50.0000000000
27.0000000000,94.0000000000,0.0000041573,50.0000000000,100.0000000000,0.1000000000,10.0000000000,50.0000000000
27.0000000000,95.0000000000,0.0000046260,50.0000000000,100.0000000000,0.1000000000,10.0000000000,50.0000000000
27.0000000000,96.0000000000,0.0000048400,50.0000000000,100.0000000000,0.1000000000,10.0000000000,50.0000000000
27.0000000000,97.0000000000,0.0000048652,50.0000000000,100.0000000000,0.1000000000,10.0000000000,50.0000000000
27.0000000000,98.0000000000,0.0000051733,50.0000000000,100.0000000000,0.1000000000,10.0000000000,50.0000000000
27.0000000000,99.0000000000,0.0000051734,50.0000000000,100.0000000000,0.1000000000,10.0000000000,50.0000000000
27.0000000000,100.0000000000,0.0000049791,50.0000000000,100.0000000000,0.1000000000,10.0000000000,50.0000000000
27.0000000000,101.0000000000,0.0000051839,50.0000000000,100.0000000000,0.1000000000,10.0000000000,50.0000000000
27.0000000000,102.0000000000,0.0000046935,50.0000000000,100.0000000000,0.1000000000,10.0000000000,50.0000000000
27.0000000000,103.0000000000,0.0000050546,50.0000000000,100.0000000000,0.1000000000,10.0000000000,50.0000000000
27.0000000000,104.0000000000,0.0000054230,50.0000000000,100.0000000000,0.1000000000,10.0000000000,50.0000000000
27.0000000000,105.0000000000,0.0000045313,50.0000000000,100.0000000000,0.1000000000,10.0000000000,50.0000000000
27.0000000000,106.0000000000,0.0000039175,50.0000000000,100.0000000000,0.1000000000,10.0000000000,50.0000000000
27.0000000000,107.0000000000,0.0000038462,50.0000000000,100.0000000000,0.1000000000,10.0000000000,50.0000000000
27.0000000000,108.0000000000,0.0000035439,50.0000000000,100.0000000000,0.1000000000,10.0000000000,50.0000000000
27.0000000000,109.0000000000,0.0000033074,50.0000000000,100.0000000000,0.1000000000,10.0000000000,50.0000000000
27.0000000000,110.0000000000,0.0000031385,50.0000000000,100.0000000000,0.1000000000,10.0000000000,50.0000000000
27.0000000000,111.0000000000,0.0000027801,50.0000000000,100.0000000000,0.1000000000,10.0000000000,50.0000000000
27.0000000000,112.0000000000,0.0000023795,50.0000000000,100.0000000000,0.1000000000,10.0000000000,50.0000000000
27.0000000000,113.0000000000,0.0000022495,50.0000000000,100.0000000000,0.1000000000,10.0000000000,50.0000000000
27.0000000000,114.0000000000,0.0000018719,50.0000000000,100.0000000000,0.1000000000,10.0000000000,50.0000000000
27.0000000000,115.0000000000,0.0000015819,50.0000000000,100.0000000000,0.1000000000,10.0000000000,50.0000000000
27.0000000000,116.0000000000,0.0000013120,50.0000000000,100.0000000000,0.1000000000,10.0000000000,50.0000000000
27.0000000000,117.0000000000,0.0000011194,50.0000000000,100.0000000000,0.1000000000,10.0000000000,50.0000000000
27.0000000000,118.0000000000,0.0000009124,50.0000000000,100.0000000000,0.1000000000,10.0000000000,50.0000000000
27.0000000000,119.0000000000,0.0000009848,50.0000000000,100.0000000000,0.1000000000,10.0000000000,50.0000000000
27.0000000000,120.0000000000,0.0000007309,50.0000000000,100.0000000000,0.1000000000,10.0000000000,50.0000000000
27.0000000000,121.0000000000,0.0000005508,50.0000000000,100.0000000000,0.1000000000,10.0000000000,50.0000000000
27.0000000000,122.0000000000,0.0000005394,50.0000000000,100.0000000000,0.1000000000,10.0000000000,50.0000000000
27.0000000000,123.0000000000,0.0000003292,50.0000000000,100.0000000000,0.1000000000,10.0000000000,50.0000000000
27.0000000000,124.0000000000,0.0000002426,50.0000000000,100.0000000000,0.1000000000,10.0000000000,50.0000000000
27.0000000000,125.0000000000,0.0000001618,50.0000000000,100.0000000000,0.1000000000,10.0000000000,50.0000000000
27.0000000000,126.0000000000,0.0000001430,50.0000000000,100.0000000000,0.1000000000,10.0000000000,50.0000000000
27.0000000000,127.0000000000,0.0000001613,50.0000000000,100.0000000000,0.1000000000,10.0000000000,50.0000000000
27.0000000000,128.0000000000,0.0000001195,50.0000000000,100.0000000000,0.1000000000,10.0000000000,50.0000000000
27.0000000000,129.0000000000,0.0000000957,50.0000000000,100.0000000000,0.1000000000,10.0000000000,50.0000000000
27.0000000000,130.0000000000,0.0000000732,50.0000000000,100.0000000000,0.1000000000,10.0000000000,50.0000000000
27.0000000000,131.0000000000,0.0000000462,50.0000000000,100.0000000000,0.1000000000,10.0000000000,50.0000000000
27.0000000000,132.0000000000,0.0000000349,50.0000000000,100.0000000000,0.1000000000,10.0000000000,50.0000000000
27.0000000000,133.0000000000,0.0000000019,50.0000000000,100.0000000000,0.1000000000,10.0000000000,50.0000000000
27.0000000000,134.0000000000,0.0000000095,50.0000000000,100.0000000000,0.1000000000,10.0000000000,50.0000000000
27.0000000000,135.0000000000,0.0000000134,50.0000000000,100.0000000000,0.1000000000,10.0000000000,50.0000000000
27.0000000000,136.0000000000,0.0000000308,50.0000000000,100.0000000000,0.1000000000,10.0000000000,50.0000000000
27.0000000000,137.0000000000,0.0000000138,50.0000000000,100.0000000000,0.1000000000,10.0000000000,50.0000000000
27.0000000000,138.0000000000,0.0000000047,50.0000000000,100.0000000000,0.1000000000,10.0000000000,50.0000000000
27.0000000000,141.0000000000,0.0000000024,50.0000000000,100.0000000000,0.1000000000,10.0000000000,50.0000000000
27.0000000000,142.0000000000,0.0000000068,50.0000000000,100.0000000000,0.1000000000,10.0000000000,50.0000000000
27.0000000000,143.0000000000,0.0000000037,50.0000000000,100.0000000000,0.1000000000,10.0000000000,50.0000000000
27.0000000000,148.0000000000,0.0000000017,50.0000000000,100.0000000000,0.1000000000,10.0000000000,50.0000000000
27.0000000000,149.0000000000,0.0000000039,50.0000000000,100.0000000000,0.1000000000,10.0000000000,50.0000000000
27.0000000000,150.0000000000,0.0000000014,50.0000000000,100.0000000000,0.1000000000,10.0000000000,50.0000000000
28.0000000000,52.0000000000,0.0000000069,50.0000000000,100.0000000000,0.1000000000,10.0000000000,50.0000000000
28.0000000000,53.0000000000,0.0000000034,50.0000000000,100.0000000000,0.1000000000,10.0000000000,50.0000000000
28.0000000000,54.0000000000,0.0000000078,50.0000000000,100.0000000000,0.1000000000,10.0000000000,50.0000000000
28.0000000000,55.0000000000,0.0000000024,50.0000000000,100.0000000000,0.1000000000,10.0000000000,50.0000000000
28.0000000000,56.0000000000,0.0000000023,50.0000000000,100.0000000000,0.1000000000,10.0000000000,50.0000000000
28.0000000000,57.0000000000,0.0000000143,50.0000000000,100.0000000000,0.1000000000,10.0000000000,50.0000000000
28.0000000000,58.0000000000,0.0000000024,50.0000000000,100.0000000000,0.1000000000,10.0000000000,50.0000000000
28.0000000000,59.0000000000,0.0000000017,50.0000000000,100.0000000000,0.1000000000,10.0000000000,50.0000000000
28.0000000000,60.0000000000,0.0000000016,50.0000000000,100.0000000000,0.1000000000,10.0000000000,50.0000000000
28.0000000000,61.0000000000,0.0000000107,50.0000000000,100.0000000000,0.1000000000,10.0000000000,50.0000000000
28.0000000000,62.0000000000,0.0000000009,50.0000000000,100.0000000000,0.1000000000,10.0000000000,50.0000000000
28.0000000000,63.0000000000,0.0000000015,50.0000000000,100.0000000000,0.1000000000,10.0000000000,50.0000000000
28.0000000000,64.0000000000,0.0000000096,50.0000000000,100.0000000000,0.1000000000,10.0000000000,50.0000000000
28.0000000000,65.0000000000,0.0000000089,50.0000000000,100.0000000000,0.1000000000,10.0000000000,50.0000000000
28.0000000000,66.0000000000,0.0000000328,50.0000000000,100.0000000000,0.1000000000,10.0000000000,50.0000000000
28.0000000000,67.0000000000,0.0000000497,50.0000000000,100.0000000000,0.1000000000,10.0000000000,50.0000000000
28.0000000000,68.0000000000,0.0000000684,50.0000000000,100.0000000000,0.1000000000,10.0000000000,50.0000000000
28.0000000000,69.0000000000,0.0000000970,50.0000000000,100.0000000000,0.1000000000,10.0000000000,50.0000000000
28.0000000000,70.0000000000,0.0000001439,50.0000000000,100.0000000000,0.1000000000,10.0000000000,50.0000000000
28.0000000000,71.0000000000,0.0000001909,50.0000000000,100.0000000000,0.1000000000,10.0000000000,50.0000000000
28.0000000000,72.0000000000,0.0000002048,50.0000000000,100.0000000000,0.1000000000,10.0000000000,50.0000000000
28.0000000000,73.0000000000,0.0000002280,50.0000000000,100.0000000000,0.1000000000,10.0000000000,50.0000000000
28.0000000000,74.0000000000,0.0000003561,50.0000000000,100.0000000000,0.1000000000,10.0000000000,50.0000000000
28.0000000000,75.0000000000,0.0000004465,50.0000000000,100.0000000000,0.1000000000,10.0000000000,50.0000000000
28.0000000000,76.0000000000,0.0000006280,50.0000000000,100.0000000000,0.1000000000,10.0000000000,50.0000000000
28.0000000000,77.0000000000,0.0000007641,50.0000000000,100.0000000000,0.1000000000,10.0000000000,50.0000000000
28.0000000000,78.0000000000,0.0000008709,50.0000000000,100.0000000000,0.1000000000,10.0000000000,50.0000000000
28.0000000000,79.0000000000,0.0000011992,50.0000000000,100.0000000000,0.1000000000,10.0000000000,50.0000000000
28.0000000000,80.0000000000,0.0000014510,50.0000000000,100.0000000000,0.1000000000,10.0000000000,50.0000000000
28.0000000000,81.0000000000,0.0000017751,50.0000000000,100.0000000000,0.1000000000,10.0000000000,50.0000000000
28.0000000000,82.0000000000,0.0000021271,50.0000000000,100.0000000000,0.1000000000,10.0000000000,50.0000000000
28.0000000000,83.0000000000,0.0000026071,50.0000000000,100.0000000000,0.1000000000,10.0000000000,50.0000000000
28.0000000000,84.0000000000,0.0000028121,50.0000000000,100.0000000000,0.1000000000,10.0000000000,50.0000000000
28.0000000000,85.0000000000,0.0000032459,50.0000000000,100.0000000000,0.1000000000,10.0000000000,50.0000000000
28.0000000000,86.0000000000,0.0000036613,50.0000000000,100.0000000000,0.1000000000,10.0000000000,50.0000000000
28.0000000000,87.0000000000,0.0000044536,50.0000000000,100.0000000000,0.1000000000,10.0000000000,50.0000000000
28.0000000000,88.0000000000,0.0000046878,50.0000000000,100.0000000000,0.1000000000,10.0000000000,50.0000000000
28.0000000000,89.0000000000,0.0000057378,50.0000000000,100.0000000000,0.1000000000,10.0000000000,50.0000000000
28.0000000000,90.0000000000,0.0000061457,50.0000000000,100.0000000000,0.1000000000,10.0000000000,50.0000000000
28.0000000000,91.0000000000,0.0000065976,50.0000000000,100.0000000000,0.1000000000,10.0000000000,50.0000000000
28.0000000000,92.0000000000,0.0000068133,50.0000000000,100.0000000000,0.1000000000,10.0000000000,50.0000000000
28.0000000000,93.0000000000,0.0000074205,50.0000000000,100.0000000000,0.1000000000,10.0000000000,50.0000000000
28.0000000000,94.0000000000,0.0000080543,50.0000000000,100.0000000000,0.1000000000,10.0000000000,50.0000000000
28.0000000000,95.0000000000,0.0000082878,50.0000000000,100.0000000000,0.1000000000,10.0000000000,50.0000000000
28.0000000000,96.0000000000,0.0000082898,50.0000000000,100.0000000000,0.1000000000,10.0000000000,50.0000000000
28.0000000000,97.0000000000,0.0000084807,50.0000000000,100.0000000000,0.1000000000,10.0000000000,50.0000000000
28.0000000000,98.0000000000,0.0000092386,50.0000000000,100.0000000000,0.1000000000,10.0000000000,50.0000000000
28.0000000000,99.0000000000,0.0000094189,50.0000000000,100.0000000000,0.1000000000,10.0000000000,50.0000000000
28.0000000000,100.0000000000,0.0000088791,50.0000000000,100.0000000000,0.1000000000,10.0000000000,50.0000000000
28.0000000000,101.0000000000,0.0000088965,50.0000000000,100.0000000000,0.1000000000,10.0000000000,50.0000000000
28.0000000000,102.0000000000,0.0000087167,50.0000000000,100.0000000000,0.1000000000,10.0000000000,50.0000000000
28.0000000000,103.0000000000,0.0000089866,50.0000000000,100.0000000000,0.1000000000,10.0000000000,50.0000000000
28.0000000000,104.0000000000,0.0000087595,50.0000000000,100.0000000000,0.1000000000,10.0000000000,50.0000000000
28.0000000000,105.0000000000,0.0000077185,50.0000000000,100.0000000000,0.1000000000,10.0000000000,50.0000000000
28.0000000000,106.0000000000,0.0000073399,50.0000000000,100.0000000000,0.1000000000,10.0000000000,50.0000000000
28.0000000000,107.0000000000,0.0000067420,50.0000000000,100.0000000000,0.1000000000,10.0000000000,50.0000000000
28.0000000000,108.0000000000,0.0000063158,50.0000000000,100.0000000000,0.1000000000,10.0000000000,50.0000000000
28.0000000000,109.0000000000,0.0000059123,50.0000000000,100.0000000000,0.1000000000,10.0000000000,50.0000000000
28.0000000000,110.0000000000,0.0000057258,50.0000000000,100.0000000000,0.1000000000,10.0000000000,50.0000000000
28.0000000000,111.0000000000,0.0000048011,50.0000000000,100.0000000000,0.1000000000,10.0000000000,50.0000000000
28.0000000000,112.0000000000,0.0000043393,50.0000000000,100.0000000000,0.1000000000,10.0000000000,50.0000000000
28.0000000000,113.0000000000,0.0000038311,50.0000000000,100.0000000000,0.1000000000,10.0000000000,50.0000000000
28.0000000000,114.0000000000,0.0000032373,50.0000000000,100.0000000000,0.1000000000,10.0000000000,50.0000000000
28.0000000000,115.0000000000,0.0000027729,50.0000000000,100.0000000000,0.1000000000,10.0000000000,50.0000000000
28.0000000000,116.0000000000,0.0000022503,50.0000000000,100.0000000000,0.1000000000,10.0000000000,50.0000000000
28.0000000000,117.0000000000,0.0000020217,50.0000000000,100.0000000000,0.1000000000,10.0000000000,50.0000000000
28.0000000000,118.0000000000,0.0000018200,50.0000000000,100.0000000000,0.1000000000,10.0000000000,50.0000000000
28.0000000000,119.0000000000,0.0000014860,50.0000000000,100.0000000000,0.1000000000,10.0000000000,50.0000000000
28.0000000000,120.0000000000,0.0000012318,50.0000000000,100.0000000000,0.1000000000,10.0000000000,50.0000000000
28.0000000000,121.0000000000,0.0000010609,50.0000000000,100.0000000000,0.1000000000,10.0000000000,50.0000000000
28.0000000000,122.0000000000,0.0000008119,50.0000000000,100.0000000000,0.1000000000,10.0000000000,50.0000000000
28.0000000000,123.0000000000,0.0000006540,50.0000000000,100.0000000000,0.1000000000,10.0000000000,50.0000000000
28.0000000000,124.0000000000,0.0000004698,50.0000000000,100.0000000000,0.1000000000,10.0000000000,50.0000000000
28.0000000000,125.0000000000,0.0000004692,50.0000000000,100.0000000000,0.1000000000,10.0000000000,50.0000000000
28.0000000000,126.0000000000,0.0000003043,50.0000000000,100.0000000000,0.1000000000,10.0000000000,50.0000000000
28.0000000000,127.0000000000,0.0000002565,50.0000000000,100.0000000000,0.1000000000,10.0000000000,50.0000000000
28.0000000000,128.0000000000,0.0000001994,50.0000000000,100.0000000000,0.1000000000,10.0000000000,50.0000000000
28.0000000000,129.0000000000,0.0000001513,50.0000000000,100.0000000000,0.1000000000,10.0000000000,50.0000000000
28.0000000000,130.0000000000,0.0000001621,50.0000000000,100.0000000000,0.1000000000,10.0000000000,50.0000000000
28.0000000000,131.0000000000,0.0000000729,50.0000000000,100.0000000000,0.1000000000,10.0000000000,50.0000000000
28.0000000000,132.0000000000,0.0000000510,50.0000000000,100.0000000000,0.1000000000,10.0000000000,50.0000000000
28.0000000000,133.0000000000,0.0000000253,50.0000000000,100.0000000000,0.1000000000,10.0000000000,50.0000000000
28.0000000000,134.0000000000,0.0000000270,50.0000000000,100.0000000000,0.1000000000,10.0000000000,50.0000000000
28.0000000000,135.0000000000,0.0000000203,50.0000000000,100.0000000000,0.1000000000,10.0000000000,50.0000000000
28.0000000000,136.0000000000,0.0000000180,50.0000000000,100.0000000000,0.1000000000,10.0000000000,50.0000000000
28.0000000000,137.0000000000,0.0000000115,50.0000000000,100.0000000000,0.1000000000,10.0000000000,50.0000000000
28.0000000000,140.0000000000,0.0000000009,50.0000000000,100.0000000000,0.1000000000,10.0000000000,50.0000000000
28.0000000000,141.0000000000,0.0000000035,50.0000000000,100.0000000000,0.1000000000,10.0000000000,50.0000000000
28.0000000000,143.0000000000,0.0000000022,50.0000000000,100.0000000000,0.1000000000,10.0000000000,50.0000000000
28.0000000000,148.0000000000,0.0000000047,50.0000000000,100.0000000000,0.1000000000,10.0000000000,50.0000000000
28.0000000000,149.0000000000,0.0000000043,50.0000000000,100.0000000000,0.1000000000,10.0000000000,50.0000000000
28.0000000000,150.0000000000,0.0000000004,50.0000000000,100.0000000000,0.1000000000,10.0000000000,50.0000000000
29.0000000000,51.0000000000,0.0000000034,50.0000000000,100.0000000000,0.1000000000,10.0000000000,50.0000000000
29.0000000000,52.0000000000,0.0000000086,50.0000000000,100.0000000000,0.1000000000,10.0000000000,50.0000000000
29.0000000000,53.0000000000,0.0000000078,50.0000000000,100.0000000000,0.1000000000,10.0000000000,50.0000000000
29.0000000000,54.0000000000,0.0000000239,50.0000000000,100.0000000000,0.1000000000,10.0000000000,50.0000000000
29.0000000000,55.0000000000,0.0000000025,50.0000000000,100.0000000000,0.1000000000,10.0000000000,50.0000000000
29.0000000000,56.0000000000,0.0000000020,50.0000000000,100.0000000000,0.1000000000,10.0000000000,50.0000000000
29.0000000000,57.0000000000,0.0000000257,50.0000000000,100.0000000000,0.1000000000,10.0000000000,50.0000000000
29.0000000000,58.0000000000,0.0000000085,50.0000000000,100.0000000000,0.1000000000,10.0000000000,50.0000000000
29.0000000000,59.0000000000,0.0000000073,50.0000000000,100.0000000000,0.1000000000,10.0000000000,50.0000000000
29.0000000000,60.0000000000,0.0000000101,50.0000000000,100.0000000000,0.1000000000,10.0000000000,50.0000000000
29.0000000000,61.0000000000,0.0000000053,50.0000000000,100.0000000000,0.1000000000,10.0000000000,50.0000000000
29.0000000000,62.0000000000,0.0000000039,50.0000000000,100.0000000000,0.1000000000,10.0000000000,50.0000000000
29.0000000000,63.0000000000,0.0000000161,50.0000000000,100.0000000000,0.1000000000,10.0000000000,50.0000000000
29.0000000000,64.0000000000,0.0000000302,50.0000000000,100.0000000000,0.1000000000,10.0000000000,50.0000000000
29.0000000000,65.0000000000,0.0000000320,50.0000000000,100.0000000000,0.1000000000,10.0000000000,50.0000000000
29.0000000000,66.0000000000,0.0000000827,50.0000000000,100.0000000000,0.1000000000,10.0000000000,50.0000000000
29.0000000000,67.0000000000,0.0000000889,50.0000000000,100.0000000000,0.1000000000,10.0000000000,50.0000000000
29.0000000000,68.0000000000,0.0000001148,50.0000000000,100.0000000000,0.1000000000,10.0000000000,50.0000000000
29.0000000000,69.0000000000,0.0000001613,50.0000000000,100.0000000000,0.1000000000,10.0000000000,50.0000000000
29.0000000000,70.0000000000,0.0000001970,50.0000000000,100.0000000000,0.1000000000,10.0000000000,50.0000000000
29.0000000000,71.0000000000,0.0000003279,50.0000000000,100.0000000000,0.1000000000,10.0000000000,50.0000000000
29.0000000000,72.0000000000,0.0000003610,50.0000000000,100.0000000000,0.1000000000,10.0000000000,50.0000000000
29.0000000000,73.0000000000,0.0000004429,50.0000000000,100.0000000000,0.1000000000,10.0000000000,50.0000000000
29.0000000000,74.0000000000,0.0000005338,50.0000000000,100.0000000000,0.1000000000,10.0000000000,50.0000000000
29.0000000000,75.0000000000,0.0000007755,50.0000000000,100.0000000000,0.1000000000,10.0000000000,50.0000000000
29.0000000000,76.0000000000,0.0000011456,50.0000000000,100.0000000000,0.1000000000,10.0000000000,50.0000000000
29.0000000000,77.0000000000,0.0000013590,50.0000000000,100.0000000000,0.1000000000,10.0000000000,50.0000000000
29.0000000000,78.0000000000,0.0000016241,50.0000000000,100.0000000000,0.1000000000,10.0000000000,50.0000000000
29.0000000000,79.0000000000,0.0000019692,50.0000000000,100.0000000000,0.1000000000,10.0000000000,50.0000000000
29.0000000000,80.0000000000,0.0000023259,50.0000000000,100.0000000000,0.1000000000,10.0000000000,50.0000000000
29.0000000000,81.0000000000,0.0000029333,50.0000000000,100.0000000000,0.1000000000,10.0000000000,50.0000000000
29.0000000000,82.0000000000,0.0000035756,50.0000000000,100.0000000000,0.1000000000,10.0000000000,50.0000000000
29.0000000000,83.0000000000,0.0000042212,50.0000000000,100.0000000000,0.1000000000,10.0000000000,50.0000000000
29.0000000000,84.0000000000,0.0000047454,50.0000000000,100.0000000000,0.1000000000,10.0000000000,50.0000000000
29.0000000000,85.0000000000,0.0000054432,50.0000000000,100.0000000000,0.1000000000,10.0000000000,50.0000000000
29.0000000000,86.0000000000,0.0000067153,50.0000000000,100.0000000000,0.1000000000,10.0000000000,50.0000000000
29.0000000000,87.0000000000,0.0000074625,50.0000000000,100.0000000000,0.1000000000,10.0000000000,50.0000000000
29.0000000000,88.0000000000,0.0000082989,50.0000000000,100.0000000000,0.1000000000,10.0000000000,50.0000000000
29.0000000000,89.0000000000,0.0000089718,50.0000000000,100.0000000000,0.1000000000,10.0000000000,50.0000000000
29.0000000000,90.0000000000,0.0000103654,50.0000000000,100.0000000000,0.1000000000,10.0000000000,50.0000000000
29.0000000000,91.0000000000,0.0000110945,50.0000000000,100.0000000000,0.1000000000,10.0000000000,50.0000000000
29.0000000000,92.0000000000,0.0000116962,50.0000000000,100.0000000000,0.1000000000,10.0000000000,50.0000000000
29.0000000000,93.0000000000,0.0000130367,50.0000000000,100.0000000000,0.1000000000,10.0000000000,50.0000000000
29.0000000000,94.0000000000,0.0000134410,50.0000000000,100.0000000000,0.1000000000,10.0000000000,50.0000000000
29.0000000000,95.0000000000,0.0000141801,50.0000000000,100.0000000000,0.1000000000,10.0000000000,50.0000000000
29.0000000000,96.0000000000,0.0000144460,50.0000000000,100.0000000000,0.1000000000,10.0000000000,50.0000000000
29.0000000000,97.0000000000,0.0000153185,50.0000000000,100.0000000000,0.1000000000,10.0000000000,50.0000000000
29.0000000000,98.0000000000,0.0000160787,50.0000000000,100.0000000000,0.1000000000,10.0000000000,50.0000000000
29.0000000000,99.0000000000,0.0000161144,50.0000000000,100.0000000000,0.1000000000,10.0000000000,50.0000000000
29.0000000000,100.0000000000,0.0000153588,50.0000000000,100.0000000000,0.1000000000,10.0000000000,50.0000000000
29.0000000000,101.0000000000,0.0000153596,50.0000000000,100.0000000000,0.1000000000,10.0000000000,50.0000000000
29.0000000000,102.0000000000,0.0000150380,50.0000000000,100.0000000000,0.1000000000,10.0000000000,50.0000000000
29.0000000000,103.0000000000,0.0000146708,50.0000000000,100.0000000000,0.1000000000,10.0000000000,50.0000000000
29.0000000000,104.0000000000,0.0000147010,50.0000000000,100.0000000000,0.1000000000,10.0000000000,50.0000000000
29.0000000000,105.0000000000,0.0000135040,50.0000000000,100.0000000000,0.1000000000,10.0000000000,50.0000000000
29.0000000000,106.0000000000,0.0000127352,50.0000000000,100.0000000000,0.1000000000,10.0000000000,50.0000000000
29.0000000000,107.0000000000,0.0000118556,50.0000000000,100.0000000000,0.1000000000,10.0000000000,50.0000000000
29.0000000000,108.0000000000,0.0000111827,50.0000000000,100.0000000000,0.1000000000,10.0000000000,50.0000000000
29.0000000000,109.0000000000,0.0000105320,50.0000000000,100.0000000000,0.1000000000,10.0000000000,50.0000000000
29.0000000000,110.0000000000,0.0000096229,50.0000000000,100.0000000000,0.1000000000,10.0000000000,50.0000000000
29.0000000000,111.0000000000,0.0000081793,50.0000000000,100.0000000000,0.1000000000,10.0000000000,50.0000000000
29.0000000000,112.0000000000,0.0000073892,50.0000000000,100.0000000000,0.1000000000,10.0000000000,50.0000000000
29.0000000000,113.0000000000,0.0000066123,50.0000000000,100.0000000000,0.1000000000,10.0000000000,50.0000000000
29.0000000000,114.0000000000,0.0000053596,50.0000000000,100.0000000000,0.1000000000,10.0000000000,50.0000000000
29.0000000000,115.0000000000,0.0000047959,50.0000000000,100.0000000000,0.1000000000,10.0000000000,50.0000000000
29.0000000000,116.0000000000,0.0000040234,50.0000000000,100.0000000000,0.1000000000,10.0000000000,50.0000000000
29.0000000000,117.0000000000,0.0000036554,50.0000000000,100.0000000000,0.1000000000,10.0000000000,50.0000000000
29.0000000000,118.0000000000,0.0000032178,50.0000000000,100.0000000000,0.1000000000,10.0000000000,50.0000000000
29.0000000000,119.0000000000,0.0000026779,50.0000000000,100.0000000000,0.1000000000,10.0000000000,50.0000000000
29.0000000000,120.0000000000,0.0000020779,50.0000000000,100.0000000000,0.1000000000,10.0000000000,50.0000000000
29.0000000000,121.0000000000,0.0000017174,50.0000000000,100.0000000000,0.1000000000,10.0000000000,50.0000000000
29.0000000000,122.0000000000,0.0000015912,50.0000000000,100.0000000000,0.1000000000,10.0000000000,50.0000000000
29.0000000000,123.0000000000,0.0000011377,50.0000000000,100.0000000000,0.1000000000,10.0000000000,50.0000000000
29.0000000000,124.0000000000,0.0000009556,50.0000000000,100.0000000000,0.1000000000,10.0000000000,50.0000000000
29.0000000000,125.0000000000,0.0000008589,50.0000000000,100.0000000000,0.1000000000,10.0000000000,50.0000000000
29.0000000000,126.0000000000,0.0000005422,50.0000000000,100.0000000000,0.1000000000,10.0000000000,50.0000000000
29.0000000000,127.0000000000,0.0000004459,50.0000000000,100.0000000000,0.1000000000,10.0000000000,50.0000000000
29.0000000000,128.0000000000,0.0000003659,50.0000000000,100.0000000000,0.1000000000,10.0000000000,50.0000000000
29.0000000000,129.0000000000,0.0000002548,50.0000000000,100.0000000000,0.1000000000,10.0000000000,50.0000000000
29.0000000000,130.0000000000,0.0000002820,50.0000000000,100.0000000000,0.1000000000,10.0000000000,50.0000000000
29.0000000000,131.0000000000,0.0000001392,50.0000000000,100.0000000000,0.1000000000,10.0000000000,50.0000000000
29.0000000000,132.0000000000,0.0000001019,50.0000000000,100.0000000000,0.1000000000,10.0000000000,50.0000000000
29.0000000000,133.0000000000,0.0000000680,50.0000000000,100.0000000000,0.1000000000,10.0000000000,50.0000000000
29.0000000000,134.0000000000,0.0000000621,50.0000000000,100.0000000000,0.1000000000,10.0000000000,50.0000000000
29.0000000000,135.0000000000,0.0000000339,50.0000000000,100.0000000000,0.1000000000,10.0000000000,50.0000000000
29.0000000000,136.0000000000,0.0000000362,50.0000000000,100.0000000000,0.1000000000,10.0000000000,50.0000000000
29.0000000000,137.0000000000,0.0000000360,50.0000000000,100.0000000000,0.1000000000,10.0000000000,50.0000000000
29.0000000000,138.0000000000,0.0000000162,50.0000000000,100.0000000000,0.1000000000,10.0000000000,50.0000000000
29.0000000000,139.0000000000,0.0000000017,50.0000000000,100.0000000000,0.1000000000,10.0000000000,50.0000000000
29.0000000000,140.0000000000,0.0000000099,50.0000000000,100.0000000000,0.1000000000,10.0000000000,50.0000000000
29.0000000000,141.0000000000,0.0000000126,50.0000000000,100.0000000000,0.1000000000,10.0000000000,50.0000000000
29.0000000000,143.0000000000,0.0000000022,50.0000000000,100.0000000000,0.1000000000,10.0000000000,50.0000000000
29.0000000000,148.0000000000,0.0000000074,50.0000000000,100.0000000000,0.1000000000,10.0000000000,50.0000000000
29.0000000000,149.0000000000,0.0000000190,50.0000000000,100.0000000000,0.1000000000,10.0000000000,50.0000000000
29.0000000000,150.0000000000,0.0000000024,50.0000000000,100.0000000000,0.1000000000,10.0000000000,50.0000000000
30.0000000000,51.0000000000,0.0000000104,50.0000000000,100.0000000000,0.1000000000,10.0000000000,50.0000000000
30.0000000000,52.0000000000,0.0000000115,50.0000000000,100.0000000000,0.1000000000,10.0000000000,50.0000000000
30.0000000000,53.0000000000,0.0000000076,50.0000000000,100.0000000000,0.1000000000,10.0000000000,50.0000000000
30.0000000000,54.0000000000,0.0000000105,50.0000000000,100.0000000000,0.1000000000,10.0000000000,50.0000000000
30.0000000000,55.0000000000,0.0000000075,50.0000000000,100.0000000000,0.1000000000,10.0000000000,50.0000000000
30.0000000000,57.0000000000,0.0000000040,50.0000000000,100.0000000000,0.1000000000,10.0000000000,50.0000000000
30.0000000000,58.0000000000,0.0000000046,50.0000000000,100.0000000000,0.1000000000,10.0000000000,50.0000000000
30.0000000000,59.0000000000,0.0000000157,50.0000000000,100.0000000000,0.1000000000,10.0000000000,50.0000000000
30.0000000000,60.0000000000,0.0000000129,50.0000000000,100.0000000000,0.1000000000,10.0000000000,50.0000000000
30.0000000000,61.0000000000,0.0000000129,50.0000000000,100.0000000000,0.1000000000,10.0000000000,50.0000000000
30.0000000000,62.0000000000,0.0000000459,50.0000000000,100.0000000000,0.1000000000,10.0000000000,50.0000000000
30.0000000000,63.0000000000,0.0000000303,50.0000000000,100.0000000000,0.1000000000,10.0000000000,50.0000000000
30.0000000000,64.0000000000,0.0000000439,50.0000000000,100.0000000000,0.1000000000,10.0000000000,50.0000000000
30.0000000000,65.0000000000,0.0000000659,50.0000000000,100.0000000000,0.1000000000,10.0000000000,50.0000000000
30.0000000000,66.0000000000,0.0000001500,50.0000000000,100.0000000000,0.1000000000,10.0000000000,50.0000000000
30.0000000000,67.0000000000,0.0000001969,50.0000000000,100.0000000000,0.1000000000,10.0000000000,50.0000000000
30.0000000000,68.0000000000,0.0000001835,50.0000000000,100.0000000000,0.1000000000,10.0000000000,50.0000000000
30.0000000000,69.0000000000,0.0000002430,50.0000000000,100.0000000000,0.1000000000,10.0000000000,50.0000000000
30.0000000000,70.0000000000,0.0000003658,50.0000000000,100.0000000000,0.1000000000,10.0000000000,50.0000000000
30.0000000000,71.0000000000,0.0000004333,50.0000000000,100.0000000000,0.1000000000,10.0000000000,50.0000000000
30.0000000000,72.0000000000,0.0000005689,50.0000000000,100.0000000000,0.1000000000,10.0000000000,50.0000000000
30.0000000000,73.0000000000,0.0000006200,50.0000000000,100.0000000000,0.1000000000,10.0000000000,50.0000000000
30.0000000000,74.0000000000,0.0000008720,50.0000000000,100.0000000000,0.1000000000,10.0000000000,50.0000000000
30.0000000000,75.0000000000,0.0000011754,50.0000000000,100.0000000000,0.1000000000,10.0000000000,50.0000000000
30.0000000000,76.0000000000,0.0000018414,50.0000000000,100.0000000000,0.1000000000,10.0000000000,50.0000000000
30.0000000000,77.0000000000,0.0000021789,50.0000000000,100.0000000000,0.1000000000,10.0000000000,50.0000000000
30.0000000000,78.0000000000,0.0000028004,50.0000000000,100.0000000000,0.1000000000,10.0000000000,50.0000000000
30.0000000000,79.0000000000,0.0000034795,50.0000000000,100.0000000000,0.1000000000,10.0000000000,50.0000000000
30.0000000000,80.0000000000,0.0000038970,50.0000000000,100.0000000000,0.1000000000,10.0000000000,50.0000000000
30.0000000000,81.0000000000,0.0000046332,50.0000000000,100.0000000000,0.1000000000,10.0000000000,50.0000000000
30.0000000000,82.0000000000,0.0000057202,50.0000000000,100.0000000000,0.1000000000,10.0000000000,50.0000000000
30.0000000000,83.0000000000,0.0000068127,50.0000000000,100.0000000000,0.1000000000,10.0000000000,50.0000000000
30.0000000000,84.0000000000,0.0000080364,50.0000000000,100.0000000000,0.1000000000,10.0000000000,50.0000000000
30.0000000000,85.0000000000,0.0000092909,50.0000000000,100.0000000000,0.1000000000,10.0000000000,50.0000000000
30.0000000000,86.0000000000,0.0000112672,50.0000000000,100.0000000000,0.1000000000,10.0000000000,50.0000000000
30.0000000000,87.0000000000,0.0000123760,50.0000000000,100.0000000000,0.1000000000,10.0000000000,50.0000000000
30.0000000000,88.0000000000,0.0000137263,50.0000000000,100.0000000000,0.1000000000,10.0000000000,50.0000000000
30.0000000000,89.0000000000,0.0000150874,50.0000000000,100.0000000000,0.1000000000,10.0000000000,50.0000000000
30.0000000000,90.0000000000,0.0000174864,50.0000000000,100.0000000000,0.1000000000,10.0000000000,50.0000000000
30.0000000000,91.0000000000,0.0000185419,50.0000000000,100.0000000000,0.1000000000,10.0000000000,50.0000000000
30.0000000000,92.0000000000,0.0000194883,50.0000000000,100.0000000000,0.1000000000,10.0000000000,50.0000000000
30.0000000000,93.0000000000,0.0000216322,50.0000000000,100.0000000000,0.1000000000,10.0000000000,50.0000000000
30.0000000000,94.0000000000,0.0000227604,50.0000000000,100.0000000000,0.1000000000,10.0000000000,50.0000000000
30.0000000000,95.0000000000,0.0000235576,50.0000000000,100.0000000000,0.1000000000,10.0000000000,50.0000000000
30.0000000000,96.0000000000,0.0000238235,50.0000000000,100.0000000000,0.1000000000,10.0000000000,50.0000000000
30.0000000000,97.0000000000,0.0000256323,50.0000000000,100.0000000000,0.1000000000,10.0000000000,50.0000000000
30.0000000000,98.0000000000,0.0000265726,50.0000000000,100.0000000000,0.1000000000,10.0000000000,50.0000000000
30.0000000000,99.0000000000,0.0000263770,50.0000000000,100.0000000000,0.1000000000,10.0000000000,50.0000000000
30.0000000000,100.0000000000,0.0000263370,50.0000000000,100.0000000000,0.1000000000,10.0000000000,50.0000000000
30.0000000000,101.0000000000,0.0000253065,50.0000000000,100.0000000000,0.1000000000,10.0000000000,50.0000000000
30.0000000000,102.0000000000,0.0000249411,50.0000000000,100.0000000000,0.1000000000,10.0000000000,50.0000000000
30.0000000000,103.0000000000,0.0000245446,50.0000000000,100.0000000000,0.1000000000,10.0000000000,50.0000000000
30.0000000000,104.0000000000,0.0000241981,50.0000000000,100.0000000000,0.1000000000,10.0000000000,50.0000000000
30.0000000000,105.0000000000,0.0000225960,50.0000000000,100.0000000000,0.1000000000,10.0000000000,50.0000000000
30.0000000000,106.0000000000,0.0000216626,50.0000000000,100.0000000000,0.1000000000,10.0000000000,50.0000000000
30.0000000000,107.0000000000,0.0000198940,50.0000000000,100.0000000000,0.1000000000,10.0000000000,50.0000000000
30.0000000000,108.0000000000,0.0000182958,50.0000000000,100.0000000000,0.1000000000,10.0000000000,50.0000000000
30.0000000000,109.0000000000,0.0000172257,50.0000000000,100.0000000000,0.1000000000,10.0000000000,50.0000000000
30.0000000000,110.0000000000,0.0000150384,50.0000000000,100.0000000000,0.1000000000,10.0000000000,50.0000000000
30.0000000000,111.0000000000,0.0000139054,50.0000000000,100.0000000000,0.1000000000,10.0000000000,50.0000000000
30.0000000000,112.0000000000,0.0000124952,50.0000000000,100.0000000000,0.1000000000,10.0000000000,50.0000000000
30.0000000000,113.0000000000,0.0000107950,50.0000000000,100.0000000000,0.1000000000,10.0000000000,50.0000000000
30.0000000000,114.0000000000,0.0000092654,50.0000000000,100.0000000000,0.1000000000,10.0000000000,50.0000000000
30.0000000000,115.0000000000,0.0000083715,50.0000000000,100.0000000000,0.1000000000,10.0000000000,50.0000000000
30.0000000000,116.0000000000,0.0000070595,50.0000000000,100.0000000000,0.1000000000,10.0000000000,50.0000000000
30.0000000000,117.0000000000,0.0000059732,50.0000000000,100.0000000000,0.1000000000,10.0000000000,50.0000000000
30.0000000000,118.0000000000,0.0000051478,50.0000000000,100.0000000000,0.1000000000,10.0000000000,50.0000000000
30.0000000000,119.0000000000,0.0000044381,50.0000000000,100.0000000000,0.1000000000,10.0000000000,50.0000000000
30.0000000000,120.0000000000,0.0000034772,50.0000000000,100.0000000000,0.1000000000,10.0000000000,50.0000000000
30.0000000000,121.0000000000,0.0000028494,50.0000000000,100.0000000000,0.1000000000,10.0000000000,50.0000000000
30.0000000000,122.0000000000,0.0000023210,50.0000000000,100.0000000000,0.1000000000,10.0000000000,50.0000000000
30.0000000000,123.0000000000,0.0000018539,50.0000000000,100.0000000000,0.1000000000,10.0000000000,50.0000000000
30.0000000000,124.0000000000,0.0000015250,50.0000000000,100.0000000000,0.1000000000,10.0000000000,50.0000000000
30.0000000000,125.0000000000,0.0000012543,50.0000000000,100.0000000000,0.1000000000,10.0000000000,50.0000000000
30.0000000000,126.0000000000,0.0000009631,50.0000000000,100.0000000000,0.1000000000,10.0000000000,50.0000000000
30.0000000000,127.0000000000,0.0000007042,50.0000000000,100.0000000000,0.1000000000,10.0000000000,50.0000000000
30.0000000000,128.0000000000,0.0000005676,50.0000000000,100.0000000000,0.1000000000,10.0000000000,50.0000000000
30.0000000000,129.0000000000,0.0000005069,50.0000000000,100.0000000000,0.1000000000,10.0000000000,50.0000000000
30.0000000000,130.0000000000,0.0000004465,50.0000000000,100.0000000000,0.1000000000,10.0000000000,50.0000000000
30.0000000000,131.0000000000,0.0000003136,50.0000000000,100.0000000000,0.1000000000,10.0000000000,50.0000000000
30.0000000000,132.0000000000,0.0000001813,50.0000000000,100.0000000000,0.1000000000,10.0000000000,50.0000000000
30.0000000000,133.0000000000,0.0000001320,50.0000000000,100.0000000000,0.1000000000,10.0000000000,50.0000000000
30.0000000000,134.0000000000,0.0000001698,50.0000000000,100.0000000000,0.1000000000,10.0000000000,50.0000000000
30.0000000000,135.0000000000,0.0000000989,50.0000000000,100.0000000000,0.1000000000,10.0000000000,50.0000000000
30.0000000000,136.0000000000,0.0000000412,50.0000000000,100.0000000000,0.1000000000,10.0000000000,50.0000000000
30.0000000000,137.0000000000,0.0000000721,50.0000000000,100.0000000000,0.1000000000,10.0000000000,50.0000000000
30.0000000000,138.0000000000,0.0000000264,50.0000000000,100.0000000000,0.1000000000,10.0000000000,50.0000000000
30.0000000000,139.0000000000,0.0000000119,50.0000000000,100.0000000000,0.1000000000,10.0000000000,50.0000000000
30.0000000000,140.0000000000,0.0000000136,50.0000000000,100.0000000000,0.1000000000,10.0000000000,50.0000000000
30.0000000000,141.0000000000,0.0000000068,50.0000000000,100.0000000000,0.1000000000,10.0000000000,50.0000000000
30.0000000000,143.0000000000,0.0000000011,50.0000000000,100.0000000000,0.1000000000,10.0000000000,50.0000000000
30.0000000000,148.0000000000,0.0000000047,50.0000000000,100.0000000000,0.1000000000,10.0000000000,50.0000000000
30.0000000000,149.0000000000,0.0000000062,50.0000000000,100.0000000000,0.1000000000,10.0000000000,50.0000000000
30.0000000000,150.0000000000,0.0000000200,50.0000000000,100.0000000000,0.1000000000,10.0000000000,50.0000000000
30.0000000000,151.0000000000,0.0000000056,50.0000000000,100.0000000000,0.1000000000,10.0000000000,50.0000000000
31.0000000000,51.0000000000,0.0000000160,50.0000000000,100.0000000000,0.1000000000,10.0000000000,50.0000000000
31.0000000000,52.0000000000,0.0000000030,50.0000000000,100.0000000000,0.1000000000,10.0000000000,50.0000000000
31.0000000000,53.0000000000,0.0000000016,50.0000000000,100.0000000000,0.1000000000,10.0000000000,50.0000000000
31.0000000000,54.0000000000,0.0000000021,50.0000000000,100.0000000000,0.1000000000,10.0000000000,50.0000000000
31.0000000000,55.0000000000,0.0000000200,50.0000000000,100.0000000000,0.1000000000,10.0000000000,50.0000000000
31.0000000000,56.0000000000,0.0000000057,50.0000000000,100.0000000000,0.1000000000,10.0000000000,50.0000000000
31.0000000000,57.0000000000,0.0000000039,50.0000000000,100.0000000000,0.1000000000,10.0000000000,50.0000000000
31.0000000000,58.0000000000,0.0000000316,50.0000000000,100.0000000000,0.1000000000,10.0000000000,50.0000000000
31.0000000000,59.0000000000,0.0000000272,50.0000000000,100.0000000000,0.1000000000,10.0000000000,50.0000000000
31.0000000000,60.0000000000,0.0000000341,50.0000000000,100.0000000000,0.1000000000,10.0000000000,50.0000000000
31.0000000000,61.0000000000,0.0000000177,50.0000000000,100.0000000000,0.1000000000,10.0000000000,50.0000000000
31.0000000000,62.0000000000,0.0000000919,50.0000000000,100.0000000000,0.1000000000,10.0000000000,50.0000000000
31.0000000000,63.0000000000,0.0000000468,50.0000000000,100.0000000000,0.1000000000,10.0000000000,50.0000000000
31.0000000000,64.0000000000,0.0000000949,50.0000000000,100.0000000000,0.1000000000,10.0000000000,50.0000000000
31.0000000000,65.0000000000,0.0000001170,50.0000000000,100.0000000000,0.1000000000,10.0000000000,50.0000000000
31.0000000000,66.0000000000,0.0000002296,50.0000000000,100.0000000000,0.1000000000,10.0000000000,50.0000000000
31.0000000000,67.0000000000,0.0000002577,50.0000000000,100.0000000000,0.1000000000,10.0000000000,50.0000000000
31.0000000000,68.0000000000,0.0000002339,50.0000000000,100.0000000000,0.1000000000,10.0000000000,50.0000000000
31.0000000000,69.0000000000,0.0000003904,50.0000000000,100.0000000000,0.1000000000,10.0000000000,50.0000000000
31.0000000000,70.0000000000,0.0000004941,50.0000000000,100.0000000000,0.1000000000,10.0000000000,50.0000000000
31.0000000000,71.0000000000,0.0000007176,50.0000000000,100.0000000000,0.1000000000,10.0000000000,50.0000000000
31.0000000000,72.0000000000,0.0000009633,50.0000000000,100.0000000000,0.1000000000,10.0000000000,50.0000000000
31.0000000000,73.0000000000,0.0000010548,50.0000000000,100.0000000000,0.1000000000,10.0000000000,50.0000000000
31.0000000000,74.0000000000,0.0000016601,50.0000000000,100.0000000000,0.1000000000,10.0000000000,50.0000000000
31.0000000000,75.0000000000,0.0000021613,50.0000000000,100.0000000000,0.1000000000,10.0000000000,50.0000000000
31.0000000000,76.0000000000,0.0000028274,50.0000000000,100.0000000000,0.1000000000,10.0000000000,50.0000000000
31.0000000000,77.0000000000,0.0000036154,50.0000000000,100.0000000000,0.1000000000,10.0000000000,50.0000000000
31.0000000000,78.0000000000,0.0000042190,50.0000000000,100.0000000000,0.1000000000,10.0000000000,50.0000000000
31.0000000000,79.0000000000,0.0000055252,50.0000000000,100.0000000000,0.1000000000,10.0000000000,50.0000000000
31.0000000000,80.0000000000,0.0000061053,50.0000000000,100.0000000000,0.1000000000,10.0000000000,50.0000000000
31.0000000000,81.0000000000,0.0000074375,50.0000000000,100.0000000000,0.1000000000,10.0000000000,50.0000000000
31.0000000000,82.0000000000,0.0000096702,50.0000000000,100.0000000000,0.1000000000,10.0000000000,50.0000000000
31.0000000000,83.0000000000,0.0000110454,50.0000000000,100.0000000000,0.1000000000,10.0000000000,50.0000000000
31.0000000000,84.0000000000,0.0000127747,50.0000000000,100.0000000000,0.1000000000,10.0000000000,50.0000000000
31.0000000000,85.0000000000,0.0000151606,50.0000000000,100.0000000000,0.1000000000,10.0000000000,50.0000000000
31.0000000000,86.0000000000,0.0000178646,50.0000000000,100.0000000000,0.1000000000,10.0000000000,50.0000000000
31.0000000000,87.0000000000,0.0000200430,50.0000000000,100.0000000000,0.1000000000,10.0000000000,50.0000000000
31.0000000000,88.0000000000,0.0000227505,50.0000000000,100.0000000000,0.1000000000,10.0000000000,50.0000000000
31.0000000000,89.0000000000,0.0000248741,50.0000000000,100.0000000000,0.1000000000,10.0000000000,50.0000000000
31.0000000000,90.0000000000,0.0000276140,50.0000000000,100.0000000000,0.1000000000,10.0000000000,50.0000000000
31.0000000000,91.0000000000,0.0000304415,50.0000000000,100.0000000000,0.1000000000,10.0000000000,50.0000000000
31.0000000000,92.0000000000,0.0000312634,50.0000000000,100.0000000000,0.1000000000,10.0000000000,50.0000000000
31.0000000000,93.0000000000,0.0000348334,50.0000000000,100.0000000000,0.1000000000,10.0000000000,50.0000000000
31.0000000000,94.0000000000,0.0000361933,50.0000000000,100.0000000000,0.1000000000,10.0000000000,50.0000000000
31.0000000000,95.0000000000,0.0000378030,50.0000000000,100.0000000000,0.1000000000,10.0000000000,50.0000000000
31.0000000000,96.0000000000,0.0000385545,50.0000000000,100.0000000000,0.1000000000,10.0000000000,50.0000000000
31.0000000000,97.0000000000,0.0000408534,50.0000000000,100.0000000000,0.1000000000,10.0000000000,50.0000000000
31.0000000000,98.0000000000,0.0000420289,50.0000000000,100.0000000000,0.1000000000,10.0000000000,50.0000000000
31.0000000000,99.0000000000,0.0000428146,50.0000000000,100.0000000000,0.1000000000,10.0000000000,50.0000000000
31.0000000000,100.0000000000,0.0000430152,50.0000000000,100.0000000000,0.1000000000,10.0000000000,50.0000000000
31.0000000000,101.0000000000,0.0000414004,50.0000000000,100.0000000000,0.1000000000,10.0000000000,50.0000000000
31.0000000000,102.0000000000,0.0000408364,50.0000000000,100.0000000000,0.1000000000,10.0000000000,50.0000000000
31.0000000000,103.0000000000,0.0000387760,50.0000000000,100.0000000000,0.1000000000,10.0000000000,50.0000000000
31.0000000000,104.0000000000,0.0000388797,50.0000000000,100.0000000000,0.1000000000,10.0000000000,50.0000000000
31.0000000000,105.0000000000,0.0000365060,50.0000000000,100.0000000000,0.1000000000,10.0000000000,50.0000000000
31.0000000000,106.0000000000,0.0000346944,50.0000000000,100.0000000000,0.1000000000,10.0000000000,50.0000000000
31.0000000000,107.0000000000,0.0000320898,50.0000000000,100.0000000000,0.1000000000,10.0000000000,50.0000000000
31.0000000000,108.0000000000,0.0000297314,50.0000000000,100.0000000000,0.1000000000,10.0000000000,50.0000000000
31.0000000000,109.0000000000,0.0000269551,50.0000000000,100.0000000000,0.1000000000,10.0000000000,50.0000000000
31.0000000000,110.0000000000,0.0000246287,50.0000000000,100.0000000000,0.1000000000,10.0000000000,50.0000000000
31.0000000000,111.0000000000,0.0000220524,50.0000000000,100.0000000000,0.1000000000,10.0000000000,50.0000000000
31.0000000000,112.0000000000,0.0000197000,50.0000000000,100.0000000000,0.1000000000,10.0000000000,50.0000000000
31.0000000000,113.0000000000,0.0000176747,50.0000000000,100.0000000000,0.1000000000,10.0000000000,50.0000000000
31.0000000000,114.0000000000,0.0000153246,50.0000000000,100.0000000000,0.1000000000,10.0000000000,50.0000000000
31.0000000000,115.0000000000,0.0000133702,50.0000000000,100.0000000000,0.1000000000,10.0000000000,50.0000000000
31.0000000000,116.0000000000,0.0000118141,50.0000000000,100.0000000000,0.1000000000,10.0000000000,50.0000000000
31.0000000000,117.0000000000,0.0000097335,50.0000000000,100.0000000000,0.1000000000,10.0000000000,50.0000000000
31.0000000000,118.0000000000,0.0000084437,50.0000000000,100.0000000000,0.1000000000,10.0000000000,50.0000000000
31.0000000000,119.0000000000,0.0000071982,50.0000000000,100.0000000000,0.1000000000,10.0000000000,50.0000000000
31.0000000000,120.0000000000,0.0000056778,50.0000000000,100.0000000000,0.1000000000,10.0000000000,50.0000000000
31.0000000000,121.0000000000,0.0000047340,50.0000000000,100.0000000000,0.1000000000,10.0000000000,50.0000000000
31.0000000000,122.0000000000,0.0000039010,50.0000000000,100.0000000000,0.1000000000,10.0000000000,50.0000000000
31.0000000000,123.0000000000,0.0000030231,50.0000000000,100.0000000000,0.1000000000,10.0000000000,50.0000000000
31.0000000000,124.0000000000,0.0000025038,50.0000000000,100.0000000000,0.1000000000,10.0000000000,50.0000000000
31.0000000000,125.0000000000,0.0000018735,50.0000000000,100.0000000000,0.1000000000,10.0000000000,50.0000000000
31.0000000000,126.0000000000,0.0000016394,50.0000000000,100.0000000000,0.1000000000,10.0000000000,50.0000000000
31.0000000000,127.0000000000,0.0000013618,50.0000000000,100.0000000000,0.1000000000,10.0000000000,50.0000000000
31.0000000000,128.0000000000,0.0000008690,50.0000000000,100.0000000000,0.1000000000,10.0000000000,50.0000000000
31.0000000000,129.0000000000,0.0000008404,50.0000000000,100.0000000000,0.1000000000,10.0000000000,50.0000000000
31.0000000000,130.0000000000,0.0000006492,50.0000000000,100.0000000000,0.1000000000,10.0000000000,50.0000000000
31.0000000000,131.0000000000,0.0000005131,50.0000000000,100.0000000000,0.1000000000,10.0000000000,50.0000000000
31.0000000000,132.0000000000,0.0000002720,50.0000000000,100.0000000000,0.1000000000,10.0000000000,50.0000000000
31.0000000000,133.0000000000,0.0000001923,50.0000000000,100.0000000000,0.1000000000,10.0000000000,50.0000000000
31.0000000000,134.0000000000,0.0000002502,50.0000000000,100.0000000000,0.1000000000,10.0000000000,50.0000000000
31.0000000000,135.0000000000,0.0000001350,50.0000000000,100.0000000000,0.1000000000,10.0000000000,50.0000000000
31.0000000000,136.0000000000,0.0000001006,50.0000000000,100.0000000000,0.1000000000,10.0000000000,50.0000000000
31.0000000000,137.0000000000,0.0000000858,50.0000000000,100.0000000000,0.1000000000,10.0000000000,50.0000000000
31.0000000000,138.0000000000,0.0000000485,50.0000000000,100.0000000000,0.1000000000,10.0000000000,50.0000000000
31.0000000000,139.0000000000,0.0000000454,50.0000000000,100.0000000000,0.1000000000,10.0000000000,50.0000000000
31.0000000000,140.0000000000,0.0000000302,50.0000000000,100.0000000000,0.1000000000,10.0000000000,50.0000000000
31.0000000000,141.0000000000,0.0000000102,50.0000000000,100.0000000000,0.1000000000,10.0000000000,50.0000000000
31.0000000000,143.0000000000,0.0000000039,50.0000000000,100.0000000000,0.1000000000,10.0000000000,50.0000000000
31.0000000000,144.0000000000,0.0000000019,50.0000000000,100.0000000000,0.1000000000,10.0000000000,50.0000000000
31.0000000000,145.0000000000,0.0000000044,50.0000000000,100.0000000000,0.1000000000,10.0000000000,50.0000000000
31.0000000000,147.0000000000,0.0000000007,50.0000000000,100.0000000000,0.1000000000,10.0000000000,50.0000000000
31.0000000000,148.0000000000,0.0000000037,50.0000000000,100.0000000000,0.1000000000,10.0000000000,50.0000000000
31.0000000000,149.0000000000,0.0000000102,50.0000000000,100.0000000000,0.1000000000,10.0000000000,50.0000000000
31.0000000000,150.0000000000,0.0000000138,50.0000000000,100.0000000000,0.1000000000,10.0000000000,50.0000000000
31.0000000000,151.0000000000,0.0000000022,50.0000000000,100.0000000000,0.1000000000,10.0000000000,50.0000000000
32.0000000000,52.0000000000,0.0000000020,50.0000000000,100.0000000000,0.1000000000,10.0000000000,50.0000000000
32.0000000000,54.0000000000,0.0000000075,50.0000000000,100.0000000000,0.1000000000,10.0000000000,50.0000000000
32.0000000000,55.0000000000,0.0000000072,50.0000000000,100.0000000000,0.1000000000,10.0000000000,50.0000000000
32.0000000000,56.0000000000,0.0000000047,50.0000000000,100.0000000000,0.1000000000,10.0000000000,50.0000000000
32.0000000000,57.0000000000,0.0000000161,50.0000000000,100.0000000000,0.1000000000,10.0000000000,50.0000000000
32.0000000000,58.0000000000,0.0000000473,50.0000000000,100.0000000000,0.1000000000,10.0000000000,50.0000000000
32.0000000000,59.0000000000,0.0000000409,50.0000000000,100.0000000000,0.1000000000,10.0000000000,50.0000000000
32.0000000000,60.0000000000,0.0000000571,50.0000000000,100.0000000000,0.1000000000,10.0000000000,50.0000000000
32.0000000000,61.0000000000,0.0000000374,50.0000000000,100.0000000000,0.1000000000,10.0000000000,50.0000000000
32.0000000000,62.0000000000,0.0000000607,50.0000000000,100.0000000000,0.1000000000,10.0000000000,50.0000000000
32.0000000000,63.0000000000,0.0000001007,50.0000000000,100.0000000000,0.1000000000,10.0000000000,50.0000000000
32.0000000000,64.0000000000,0.0000001983,50.0000000000,100.0000000000,0.1000000000,10.0000000000,50.0000000000
32.0000000000,65.0000000000,0.0000001460,50.0000000000,100.0000000000,0.1000000000,10.0000000000,50.0000000000
32.0000000000,66.0000000000,0.0000003491,50.0000000000,100.0000000000,0.1000000000,10.0000000000,50.0000000000
32.0000000000,67.0000000000,0.0000003966,50.0000000000,100.0000000000,0.1000000000,10.0000000000,50.0000000000
32.0000000000,68.0000000000,0.0000004491,50.0000000000,100.0000000000,0.1000000000,10.0000000000,50.0000000000
32.0000000000,69.0000000000,0.0000006508,50.0000000000,100.0000000000,0.1000000000,10.0000000000,50.0000000000
32.0000000000,70.0000000000,0.0000009123,50.0000000000,100.0000000000,0.1000000000,10.0000000000,50.0000000000
32.0000000000,71.0000000000,0.0000010502,50.0000000000,100.0000000000,0.1000000000,10.0000000000,50.0000000000
32.0000000000,72.0000000000,0.0000015516,50.0000000000,100.0000000000,0.1000000000,10.0000000000,50.0000000000
32.0000000000,73.0000000000,0.0000018402,50.0000000000,100.0000000000,0.1000000000,10.0000000000,50.0000000000
32.0000000000,74.0000000000,0.0000024787,50.0000000000,100.0000000000,0.1000000000,10.0000000000,50.0000000000
32.0000000000,75.0000000000,0.0000033387,50.0000000000,100.0000000000,0.1000000000,10.0000000000,50.0000000000
32.0000000000,76.0000000000,0.0000043682,50.0000000000,100.0000000000,0.1000000000,10.0000000000,50.0000000000
32.0000000000,77.0000000000,0.0000052697,50.0000000000,100.0000000000,0.1000000000,10.0000000000,50.0000000000
32.0000000000,78.0000000000,0.0000067088,50.0000000000,100.0000000000,0.1000000000,10.0000000000,50.0000000000
32.0000000000,79.0000000000,0.0000083306,50.0000000000,100.0000000000,0.1000000000,10.0000000000,50.0000000000
32.0000000000,80.0000000000,0.0000097413,50.0000000000,100.0000000000,0.1000000000,10.0000000000,50.0000000000
32.0000000000,81.0000000000,0.0000118284,50.0000000000,100.0000000000,0.1000000000,10.0000000000,50.0000000000
32.0000000000,82.0000000000,0.0000146218,50.0000000000,100.0000000000,0.1000000000,10.0000000000,50.0000000000
32.0000000000,83.0000000000,0.0000170466,50.0000000000,100.0000000000,0.1000000000,10.0000000000,50.0000000000
32.0000000000,84.0000000000,0.0000201499,50.0000000000,100.0000000000,0.1000000000,10.0000000000,50.0000000000
32.0000000000,85.0000000000,0.0000239651,50.0000000000,100.0000000000,0.1000000000,10.0000000000,50.0000000000
32.0000000000,86.0000000000,0.0000274578,50.0000000000,100.0000000000,0.1000000000,10.0000000000,50.0000000000
32.0000000000,87.0000000000,0.0000312115,50.0000000000,100.0000000000,0.1000000000,10.0000000000,50.0000000000
32.0000000000,88.0000000000,0.0000358955,50.0000000000,100.0000000000,0.1000000000,10.0000000000,50.0000000000
32.0000000000,89.0000000000,0.0000389750,50.0000000000,100.0000000000,0.1000000000,10.0000000000,50.0000000000
32.0000000000,90.0000000000,0.0000430993,50.0000000000,100.0000000000,0.1000000000,10.0000000000,50.0000000000
32.0000000000,91.0000000000,0.0000470594,50.0000000000,100.0000000000,0.1000000000,10.0000000000,50.0000000000
32.0000000000,92.0000000000,0.0000502691,50.0000000000,100.0000000000,0.1000000000,10.0000000000,50.0000000000
32.0000000000,93.0000000000,0.0000545037,50.0000000000,100.0000000000,0.1000000000,10.0000000000,50.0000000000
32.0000000000,94.0000000000,0.0000568748,50.0000000000,100.0000000000,0.1000000000,10.0000000000,50.0000000000
32.0000000000,95.0000000000,0.0000580437,50.0000000000,100.0000000000,0.1000000000,10.0000000000,50.0000000000
32.0000000000,96.0000000000,0.0000610097,50.0000000000,100.0000000000,0.1000000000,10.0000000000,50.0000000000
32.0000000000,97.0000000000,0.0000640262,50.0000000000,100.0000000000,0.1000000000,10.0000000000,50.0000000000
32.0000000000,98.0000000000,0.0000674320,50.0000000000,100.0000000000,0.1000000000,10.0000000000,50.0000000000
32.0000000000,99.0000000000,0.0000666963,50.0000000000,100.0000000000,0.1000000000,10.0000000000,50.0000000000
32.0000000000,100.0000000000,0.0000663243,50.0000000000,100.0000000000,0.1000000000,10.0000000000,50.0000000000
32.0000000000,101.0000000000,0.0000648271,50.0000000000,100.0000000000,0.1000000000,10.0000000000,50.0000000000
32.0000000000,102.0000000000,0.0000638244,50.0000000000,100.0000000000,0.1000000000,10.0000000000,50.0000000000
32.0000000000,103.0000000000,0.0000625870,50.0000000000,100.0000000000,0.1000000000,10.0000000000,50.0000000000
32.0000000000,104.0000000000,0.0000600271,50.0000000000,100.0000000000,0.1000000000,10.0000000000,50.0000000000
32.0000000000,105.0000000000,0.0000565292,50.0000000000,100.0000000000,0.1000000000,10.0000000000,50.0000000000
32.0000000000,106.0000000000,0.0000544918,50.0000000000,100.0000000000,0.1000000000,10.0000000000,50.0000000000
32.0000000000,107.0000000000,0.0000503610,50.0000000000,100.0000000000,0.1000000000,10.0000000000,50.0000000000
32.0000000000,108.0000000000,0.0000466794,50.0000000000,100.0000000000,0.1000000000,10.0000000000,50.0000000000
32.0000000000,109.0000000000,0.0000422286,50.0000000000,100.0000000000,0.1000000000,10.0000000000,50.0000000000
32.0000000000,110.0000000000,0.0000388581,50.0000000000,100.0000000000,0.1000000000,10.0000000000,50.0000000000
32.0000000000,111.0000000000,0.0000340923,50.0000000000,100.0000000000,0.1000000000,10.0000000000,50.0000000000
32.0000000000,112.0000000000,0.0000306990,50.0000000000,100.0000000000,0.1000000000,10.0000000000,50.0000000000
32.0000000000,113.0000000000,0.0000269228,50.0000000000,100.0000000000,0.1000000000,10.0000000000,50.0000000000
32.0000000000,114.0000000000,0.0000231878,50.0000000000,100.0000000000,0.1000000000,10.0000000000,50.0000000000
32.0000000000,115.0000000000,0.0000214238,50.0000000000,100.0000000000,0.1000000000,10.0000000000,50.0000000000
32.0000000000,116.0000000000,0.0000183208,50.0000000000,100.0000000000,0.1000000000,10.0000000000,50.0000000000
32.0000000000,117.0000000000,0.0000152787,50.0000000000,100.0000000000,0.1000000000,10.0000000000,50.0000000000
32.0000000000,118.0000000000,0.0000135248,50.0000000000,100.0000000000,0.1000000000,10.0000000000,50.0000000000
32.0000000000,119.0000000000,0.0000111600,50.0000000000,100.0000000000,0.1000000000,10.0000000000,50.0000000000
32.0000000000,120.0000000000,0.0000090297,50.0000000000,100.0000000000,0.1000000000,10.0000000000,50.0000000000
32.0000000000,121.0000000000,0.0000073276,50.0000000000,100.0000000000,0.1000000000,10.0000000000,50.0000000000
32.0000000000,122.0000000000,0.0000063624,50.0000000000,100.0000000000,0.1000000000,10.0000000000,50.0000000000
32.0000000000,123.0000000000,0.0000047447,50.0000000000,100.0000000000,0.1000000000,10.0000000000,50.0000000000
32.0000000000,124.0000000000,0.0000039523,50.0000000000,100.0000000000,0.1000000000,10.0000000000,50.0000000000
32.0000000000,125.0000000000,0.0000032418,50.0000000000,100.0000000000,0.1000000000,10.0000000000,50.0000000000
32.0000000000,126.0000000000,0.0000024135,50.0000000000,100.0000000000,0.1000000000,10.0000000000,50.0000000000
32.0000000000,127.0000000000,0.0000020120,50.0000000000,100.0000000000,0.1000000000,10.0000000000,50.0000000000
32.0000000000,128.0000000000,0.0000014472,50.0000000000,100.0000000000,0.1000000000,10.0000000000,50.0000000000
32.0000000000,129.0000000000,0.0000012043,50.0000000000,100.0000000000,0.1000000000,10.0000000000,50.0000000000
32.0000000000,130.0000000000,0.0000010258,50.0000000000,100.0000000000,0.1000000000,10.0000000000,50.0000000000
32.0000000000,131.0000000000,0.0000007752,50.0000000000,100.0000000000,0.1000000000,10.0000000000,50.0000000000
32.0000000000,132.0000000000,0.0000004620,50.0000000000,100.0000000000,0.1000000000,10.0000000000,50.0000000000
32.0000000000,133.0000000000,0.0000003123,50.0000000000,100.0000000000,0.1000000000,10.0000000000,50.0000000000
32.0000000000,134.0000000000,0.0000003381,50.0000000000,100.0000000000,0.1000000000,10.0000000000,50.0000000000
32.0000000000,135.0000000000,0.0000002207,50.0000000000,100.0000000000,0.1000000000,10.0000000000,50.0000000000
32.0000000000,136.0000000000,0.0000001373,50.0000000000,100.0000000000,0.1000000000,10.0000000000,50.0000000000
32.0000000000,137.0000000000,0.0000001356,50.0000000000,100.0000000000,0.1000000000,10.0000000000,50.0000000000
32.0000000000,138.0000000000,0.0000001052,50.0000000000,100.0000000000,0.1000000000,10.0000000000,50.0000000000
32.0000000000,139.0000000000,0.0000000923,50.0000000000,100.0000000000,0.1000000000,10.0000000000,50.0000000000
32.0000000000,140.0000000000,0.0000000448,50.0000000000,100.0000000000,0.1000000000,10.0000000000,50.0000000000
32.0000000000,141.0000000000,0.0000000135,50.0000000000,100.0000000000,0.1000000000,10.0000000000,50.0000000000
32.0000000000,142.0000000000,0.0000000082,50.0000000000,100.0000000000,0.1000000000,10.0000000000,50.0000000000
32.0000000000,143.0000000000,0.0000000120,50.0000000000,100.0000000000,0.1000000000,10.0000000000,50.0000000000
32.0000000000,144.0000000000,0.0000000083,50.0000000000,100.0000000000,0.1000000000,10.0000000000,50.0000000000
32.0000000000,145.0000000000,0.0000000093,50.0000000000,100.0000000000,0.1000000000,10.0000000000,50.0000000000
32.0000000000,146.0000000000,0.0000000012,50.0000000000,100.0000000000,0.1000000000,10.0000000000,50.0000000000
32.0000000000,147.0000000000,0.0000000089,50.0000000000,100.0000000000,0.1000000000,10.0000000000,50.0000000000
32.0000000000,148.0000000000,0.0000000212,50.0000000000,100.0000000000,0.1000000000,10.0000000000,50.0000000000
32.0000000000,149.0000000000,0.0000000152,50.0000000000,100.0000000000,0.1000000000,10.0000000000,50.0000000000
32.0000000000,150.0000000000,0.0000000087,50.0000000000,100.0000000000,0.1000000000,10.0000000000,50.0000000000
32.0000000000,151.0000000000,0.0000000114,50.0000000000,100.0000000000,0.1000000000,10.0000000000,50.0000000000
32.0000000000,152.0000000000,0.0000000009,50.0000000000,100.0000000000,0.1000000000,10.0000000000,50.0000000000
33.0000000000,54.0000000000,0.0000000092,50.0000000000,100.0000000000,0.1000000000,10.0000000000,50.0000000000
33.0000000000,55.0000000000,0.0000000187,50.0000000000,100.0000000000,0.1000000000,10.0000000000,50.0000000000
33.0000000000,56.0000000000,0.0000000053,50.0000000000,100.0000000000,0.1000000000,10.0000000000,50.0000000000
33.0000000000,57.0000000000,0.0000000235,50.0000000000,100.0000000000,0.1000000000,10.0000000000,50.0000000000
33.0000000000,58.0000000000,0.0000000280,50.0000000000,100.0000000000,0.1000000000,10.0000000000,50.0000000000
33.0000000000,59.0000000000,0.0000000720,50.0000000000,100.0000000000,0.1000000000,10.0000000000,50.0000000000
33.0000000000,60.0000000000,0.0000000604,50.0000000000,100.0000000000,0.1000000000,10.0000000000,50.0000000000
33.0000000000,61.0000000000,0.0000000932,50.0000000000,100.0000000000,0.1000000000,10.0000000000,50.0000000000
33.0000000000,62.0000000000,0.0000001407,50.0000000000,100.0000000000,0.1000000000,10.0000000000,50.0000000000
33.0000000000,63.0000000000,0.0000002093,50.0000000000,100.0000000000,0.1000000000,10.0000000000,50.0000000000
33.0000000000,64.0000000000,0.0000002186,50.0000000000,100.0000000000,0.1000000000,10.0000000000,50.0000000000
33.0000000000,65.0000000000,0.0000002139,50.0000000000,100.0000000000,0.1000000000,10.0000000000,50.0000000000
33.0000000000,66.0000000000,0.0000003845,50.0000000000,100.0000000000,0.1000000000,10.0000000000,50.0000000000
33.0000000000,67.0000000000,0.0000004989,50.0000000000,100.0000000000,0.1000000000,10.0000000000,50.0000000000
33.0000000000,68.0000000000,0.0000005735,50.0000000000,100.0000000000,0.1000000000,10.0000000000,50.0000000000
33.0000000000,69.0000000000,0.0000009911,50.0000000000,100.0000000000,0.1000000000,10.0000000000,50.0000000000
33.0000000000,70.0000000000,0.0000012873,50.0000000000,100.0000000000,0.1000000000,10.0000000000,50.0000000000
33.0000000000,71.0000000000,0.0000017000,50.0000000000,100.0000000000,0.1000000000,10.0000000000,50.0000000000
33.0000000000,72.0000000000,0.0000022369,50.0000000000,100.0000000000,0.1000000000,10.0000000000,50.0000000000
33.0000000000,73.0000000000,0.0000031034,50.0000000000,100.0000000000,0.1000000000,10.0000000000,50.0000000000
33.0000000000,74.0000000000,0.0000039251,50.0000000000,100.0000000000,0.1000000000,10.0000000000,50.0000000000
33.0000000000,75.0000000000,0.0000050758,50.0000000000,100.0000000000,0.1000000000,10.0000000000,50.0000000000
33.0000000000,76.0000000000,0.0000063680,50.0000000000,100.0000000000,0.1000000000,10.0000000000,50.0000000000
33.0000000000,77.0000000000,0.0000074661,50.0000000000,100.0000000000,0.1000000000,10.0000000000,50.0000000000
33.0000000000,78.0000000000,0.0000098037,50.0000000000,100.0000000000,0.1000000000,10.0000000000,50.0000000000
33.0000000000,79.0000000000,0.0000122075,50.0000000000,100.0000000000,0.1000000000,10.0000000000,50.0000000000
33.0000000000,80.0000000000,0.0000148915,50.0000000000,100.0000000000,0.1000000000,10.0000000000,50.0000000000
33.0000000000,81.0000000000,0.0000182574,50.0000000000,100.0000000000,0.1000000000,10.0000000000,50.0000000000
33.0000000000,82.0000000000,0.0000226135,50.0000000000,100.0000000000,0.1000000000,10.0000000000,50.0000000000
33.0000000000,83.0000000000,0.0000268167,50.0000000000,100.0000000000,0.1000000000,10.0000000000,50.0000000000
33.0000000000,84.0000000000,0.0000308856,50.0000000000,100.0000000000,0.1000000000,10.0000000000,50.0000000000
33.0000000000,85.0000000000,0.0000359034,50.0000000000,100.0000000000,0.1000000000,10.0000000000,50.0000000000
33.0000000000,86.0000000000,0.0000415945,50.0000000000,100.0000000000,0.1000000000,10.0000000000,50.0000000000
33.0000000000,87.0000000000,0.0000470313,50.0000000000,100.0000000000,0.1000000000,10.0000000000,50.0000000000
33.0000000000,88.0000000000,0.0000539440,50.0000000000,100.0000000000,0.1000000000,10.0000000000,50.0000000000
33.0000000000,89.0000000000,0.0000591572,50.0000000000,100.0000000000,0.1000000000,10.0000000000,50.0000000000
33.0000000000,90.0000000000,0.0000649403,50.0000000000,100.0000000000,0.1000000000,10.0000000000,50.0000000000
33.0000000000,91.0000000000,0.0000705949,50.0000000000,100.0000000000,0.1000000000,10.0000000000,50.0000000000
33.0000000000,92.0000000000,0.0000763536,50.0000000000,100.0000000000,0.1000000000,10.0000000000,50.0000000000
33.0000000000,93.0000000000,0.0000831319,50.0000000000,100.0000000000,0.1000000000,10.0000000000,50.0000000000
33.0000000000,94.0000000000,0.0000871557,50.0000000000,100.0000000000,0.1000000000,10.0000000000,50.0000000000
33.0000000000,95.0000000000,0.0000889933,50.0000000000,100.0000000000,0.1000000000,10.0000000000,50.0000000000
33.0000000000,96.0000000000,0.0000929923,50.0000000000,100.0000000000,0.1000000000,10.0000000000,50.0000000000
33.0000000000,97.0000000000,0.0000976993,50.0000000000,100.0000000000,0.1000000000,10.0000000000,50.0000000000
33.0000000000,98.0000000000,0.0001004974,50.0000000000,100.0000000000,0.1000000000,10.0000000000,50.0000000000
33.0000000000,99.0000000000,0.0001012193,50.0000000000,100.0000000000,0.1000000000,10.0000000000,50.0000000000
33.0000000000,100.0000000000,0.0001017539,50.0000000000,100.0000000000,0.1000000000,10.0000000000,50.0000000000
33.0000000000,101.0000000000,0.0000994517,50.0000000000,100.0000000000,0.1000000000,10.0000000000,50.0000000000
33.0000000000,102.0000000000,0.0000976705,50.0000000000,100.0000000000,0.1000000000,10.0000000000,50.0000000000
33.0000000000,103.0000000000,0.0000947647,50.0000000000,100.0000000000,0.1000000000,10.0000000000,50.0000000000
33.0000000000,104.0000000000,0.0000921573,50.0000000000,100.0000000000,0.1000000000,10.0000000000,50.0000000000
33.0000000000,105.0000000000,0.0000864782,50.0000000000,100.0000000000,0.1000000000,10.0000000000,50.0000000000
33.0000000000,106.0000000000,0.0000822479,50.0000000000,100.0000000000,0.1000000000,10.0000000000,50.0000000000
33.0000000000,107.0000000000,0.0000768593,50.0000000000,100.0000000000,0.1000000000,10.0000000000,50.0000000000
33.0000000000,108.0000000000,0.0000709994,50.0000000000,100.0000000000,0.1000000000,10.0000000000,50.0000000000
33.0000000000,109.0000000000,0.0000649795,50.0000000000,100.0000000000,0.1000000000,10.0000000000,50.0000000000
33.0000000000,110.0000000000,0.0000585281,50.0000000000,100.0000000000,0.1000000000,10.0000000000,50.0000000000
33.0000000000,111.0000000000,0.0000530176,50.0000000000,100.0000000000,0.1000000000,10.0000000000,50.0000000000
33.0000000000,112.0000000000,0.0000467026,50.0000000000,100.0000000000,0.1000000000,10.0000000000,50.0000000000
33.0000000000,113.0000000000,0.0000411430,50.0000000000,100.0000000000,0.1000000000,10.0000000000,50.0000000000
33.0000000000,114.0000000000,0.0000359161,50.0000000000,100.0000000000,0.1000000000,10.0000000000,50.0000000000
33.0000000000,115.0000000000,0.0000321614,50.0000000000,100.0000000000,0.1000000000,10.0000000000,50.0000000000
33.0000000000,116.0000000000,0.0000272336,50.0000000000,100.0000000000,0.1000000000,10.0000000000,50.0000000000
33.0000000000,117.0000000000,0.0000236065,50.0000000000,100.0000000000,0.1000000000,10.0000000000,50.0000000000
33.0000000000,118.0000000000,0.0000198095,50.0000000000,100.0000000000,0.1000000000,10.0000000000,50.0000000000
33.0000000000,119.0000000000,0.0000164585,50.0000000000,100.0000000000,0.1000000000,10.0000000000,50.0000000000
33.0000000000,120.0000000000,0.0000139024,50.0000000000,100.0000000000,0.1000000000,10.0000000000,50.0000000000
33.0000000000,121.0000000000,0.0000117769,50.0000000000,100.0000000000,0.1000000000,10.0000000000,50.0000000000
33.0000000000,122.0000000000,0.0000097506,50.0000000000,100.0000000000,0.1000000000,10.0000000000,50.0000000000
33.0000000000,123.0000000000,0.0000074968,50.0000000000,100.0000000000,0.1000000000,10.0000000000,50.0000000000
33.0000000000,124.0000000000,0.0000061513,50.0000000000,100.0000000000,0.1000000000,10.0000000000,50.0000000000
33.0000000000,125.0000000000,0.0000046577,50.0000000000,100.0000000000,0.1000000000,10.0000000000,50.0000000000
33.0000000000,126.0000000000,0.0000037920,50.0000000000,100.0000000000,0.1000000000,10.0000000000,50.0000000000
33.0000000000,127.0000000000,0.0000030363,50.0000000000,100.0000000000,0.1000000000,10.0000000000,50.0000000000
33.0000000000,128.0000000000,0.0000022658,50.0000000000,100.0000000000,0.1000000000,10.0000000000,50.0000000000
33.0000000000,129.0000000000,0.0000018265,50.0000000000,100.0000000000,0.1000000000,10.0000000000,50.0000000000
33.0000000000,130.0000000000,0.0000014331,50.0000000000,100.0000000000,0.1000000000,10.0000000000,50.0000000000
33.0000000000,131.0000000000,0.0000010635,50.0000000000,100.0000000000,0.1000000000,10.0000000000,50.0000000000
33.0000000000,132.0000000000,0.0000007611,50.0000000000,100.0000000000,0.1000000000,10.0000000000,50.0000000000
33.0000000000,133.0000000000,0.0000004639,50.0000000000,100.0000000000,0.1000000000,10.0000000000,50.0000000000
33.0000000000,134.0000000000,0.0000004147,50.0000000000,100.0000000000,0.1000000000,10.0000000000,50.0000000000
33.0000000000,135.0000000000,0.0000002684,50.0000000000,100.0000000000,0.1000000000,10.0000000000,50.0000000000
33.0000000000,136.0000000000,0.0000002091,50.0000000000,100.0000000000,0.1000000000,10.0000000000,50.0000000000
33.0000000000,137.0000000000,0.0000001874,50.0000000000,100.0000000000,0.1000000000,10.0000000000,50.0000000000
33.0000000000,138.0000000000,0.0000001265,50.0000000000,100.0000000000,0.1000000000,10.0000000000,50.0000000000
33.0000000000,139.0000000000,0.0000000962,50.0000000000,100.0000000000,0.1000000000,10.0000000000,50.0000000000
33.0000000000,140.0000000000,0.0000000429,50.0000000000,100.0000000000,0.1000000000,10.0000000000,50.0000000000
33.0000000000,141.0000000000,0.0000000737,50.0000000000,100.0000000000,0.1000000000,10.0000000000,50.0000000000
33.0000000000,142.0000000000,0.0000000284,50.0000000000,100.0000000000,0.1000000000,10.0000000000,50.0000000000
33.0000000000,143.0000000000,0.0000000265,50.0000000000,100.0000000000,0.1000000000,10.0000000000,50.0000000000
33.0000000000,144.0000000000,0.0000000442,50.0000000000,100.0000000000,0.1000000000,10.0000000000,50.0000000000
33.0000000000,145.0000000000,0.0000000322,50.0000000000,100.0000000000,0.1000000000,10.0000000000,50.0000000000
33.0000000000,146.0000000000,0.0000000037,50.0000000000,100.0000000000,0.1000000000,10.0000000000,50.0000000000
33.0000000000,147.0000000000,0.0000000121,50.0000000000,100.0000000000,0.1000000000,10.0000000000,50.0000000000
33.0000000000,148.0000000000,0.0000000097,50.0000000000,100.0000000000,0.1000000000,10.0000000000,50.0000000000
33.0000000000,149.0000000000,0.0000000062,50.0000000000,100.0000000000,0.1000000000,10.0000000000,50.0000000000
33.0000000000,150.0000000000,0.0000000012,50.0000000000,100.0000000000,0.1000000000,10.0000000000,50.0000000000
33.0000000000,151.0000000000,0.0000000059,50.0000000000,100.0000000000,0.1000000000,10.0000000000,50.0000000000
34.0000000000,53.0000000000,0.0000000004,50.0000000000,100.0000000000,0.1000000000,10.0000000000,50.0000000000
34.0000000000,54.0000000000,0.0000000112,50.0000000000,100.0000000000,0.1000000000,10.0000000000,50.0000000000
34.0000000000,55.0000000000,0.0000000172,50.0000000000,100.0000000000,0.1000000000,10.0000000000,50.0000000000
34.0000000000,56.0000000000,0.0000000100,50.0000000000,100.0000000000,0.1000000000,10.0000000000,50.0000000000
34.0000000000,57.0000000000,0.0000000284,50.0000000000,100.0000000000,0.1000000000,10.0000000000,50.0000000000
34.0000000000,58.0000000000,0.0000000100,50.0000000000,100.0000000000,0.1000000000,10.0000000000,50.0000000000
34.0000000000,59.0000000000,0.0000000858,50.0000000000,100.0000000000,0.1000000000,10.0000000000,50.0000000000
34.0000000000,60.0000000000,0.0000000803,50.0000000000,100.0000000000,0.1000000000,10.0000000000,50.0000000000
34.0000000000,61.0000000000,0.0000001641,50.0000000000,100.0000000000,0.1000000000,10.0000000000,50.0000000000
34.0000000000,62.0000000000,0.0000001301,50.0000000000,100.0000000000,0.1000000000,10.0000000000,50.0000000000
34.0000000000,63.0000000000,0.0000002710,50.0000000000,100.0000000000,0.1000000000,10.0000000000,50.0000000000
34.0000000000,64.0000000000,0.0000003094,50.0000000000,100.0000000000,0.1000000000,10.0000000000,50.0000000000
34.0000000000,65.0000000000,0.0000003629,50.0000000000,100.0000000000,0.1000000000,10.0000000000,50.0000000000
34.0000000000,66.0000000000,0.0000004386,50.0000000000,100.0000000000,0.1000000000,10.0000000000,50.0000000000
34.0000000000,67.0000000000,0.0000008151,50.0000000000,100.0000000000,0.1000000000,10.0000000000,50.0000000000
34.0000000000,68.0000000000,0.0000008361,50.0000000000,100.0000000000,0.1000000000,10.0000000000,50.0000000000
34.0000000000,69.0000000000,0.0000015565,50.0000000000,100.0000000000,0.1000000000,10.0000000000,50.0000000000
34.0000000000,70.0000000000,0.0000018934,50.0000000000,100.0000000000,0.1000000000,10.0000000000,50.0000000000
34.0000000000,71.0000000000,0.0000023418,50.0000000000,100.0000000000,0.1000000000,10.0000000000,50.0000000000
34.0000000000,72.0000000000,0.0000030332,50.0000000000,100.0000000000,0.1000000000,10.0000000000,50.0000000000
34.0000000000,73.0000000000,0.0000042065,50.0000000000,100.0000000000,0.1000000000,10.0000000000,50.0000000000
34.0000000000,74.0000000000,0.0000054984,50.0000000000,100.0000000000,0.1000000000,10.0000000000,50.0000000000
34.0000000000,75.0000000000,0.0000068722,50.0000000000,100.0000000000,0.1000000000,10.0000000000,50.0000000000
34.0000000000,76.0000000000,0.0000090255,50.0000000000,100.0000000000,0.1000000000,10.0000000000,50.0000000000
34.0000000000,77.0000000000,0.0000113162,50.0000000000,100.0000000000,0.1000000000,10.0000000000,50.0000000000
34.0000000000,78.0000000000,0.0000140071,50.0000000000,100.0000000000,0.1000000000,10.0000000000,50.0000000000
34.0000000000,79.0000000000,0.0000171507,50.0000000000,100.0000000000,0.1000000000,10.0000000000,50.0000000000
34.0000000000,80.0000000000,0.0000218305,50.0000000000,100.0000000000,0.1000000000,10.0000000000,50.0000000000
34.0000000000,81.0000000000,0.0000267862,50.0000000000,100.0000000000,0.1000000000,10.0000000000,50.0000000000
34.0000000000,82.0000000000,0.0000331749,50.0000000000,100.0000000000,0.1000000000,10.0000000000,50.0000000000
34.0000000000,83.0000000000,0.0000387669,50.0000000000,100.0000000000,0.1000000000,10.0000000000,50.0000000000
34.0000000000,84.0000000000,0.0000441851,50.0000000000,100.0000000000,0.1000000000,10.0000000000,50.0000000000
34.0000000000,85.0000000000,0.0000530419,50.0000000000,100.0000000000,0.1000000000,10.0000000000,50.0000000000
34.0000000000,86.0000000000,0.0000600503,50.0000000000,100.0000000000,0.1000000000,10.0000000000,50.0000000000
34.0000000000,87.0000000000,0.0000690555,50.0000000000,100.0000000000,0.1000000000,10.0000000000,50.0000000000
34.0000000000,88.0000000000,0.0000772347,50.0000000000,100.0000000000,0.1000000000,10.0000000000,50.0000000000
34.0000000000,89.0000000000,0.0000876947,50.0000000000,100.0000000000,0.1000000000,10.0000000000,50.0000000000
34.0000000000,90.0000000000,0.0000951846,50.0000000000,100.0000000000,0.1000000000,10.0000000000,50.0000000000
34.0000000000,91.0000000000,0.0001038732,50.0000000000,100.0000000000,0.1000000000,10.0000000000,50.0000000000
34.0000000000,92.0000000000,0.0001137480,50.0000000000,100.0000000000,0.1000000000,10.0000000000,50.0000000000
34.0000000000,93.0000000000,0.0001212312,50.0000000000,100.0000000000,0.1000000000,10.0000000000,50.0000000000
34.0000000000,94.0000000000,0.0001282377,50.0000000000,100.0000000000,0.1000000000,10.0000000000,50.0000000000
34.0000000000,95.0000000000,0.0001337185,50.0000000000,100.0000000000,0.1000000000,10.0000000000,50.0000000000
34.0000000000,96.0000000000,0.0001390123,50.0000000000,100.0000000000,0.1000000000,10.0000000000,50.0000000000
34.0000000000,97.0000000000,0.0001420277,50.0000000000,100.0000000000,0.1000000000,10.0000000000,50.0000000000
34.0000000000,98.0000000000,0.0001481624,50.0000000000,100.0000000000,0.1000000000,10.0000000000,50.0000000000
34.0000000000,99.0000000000,0.0001502868,50.0000000000,100.0000000000,0.1000000000,10.0000000000,50.0000000000
34.0000000000,100.0000000000,0.0001503261,50.0000000000,100.0000000000,0.1000000000,10.0000000000,50.0000000000
34.0000000000,101.0000000000,0.0001480404,50.0000000000,100.0000000000,0.1000000000,10.0000000000,50.0000000000
34.0000000000,102.0000000000,0.0001441758,50.0000000000,100.0000000000,0.1000000000,10.0000000000,50.0000000000
34.0000000000,103.0000000000,0.0001403436,50.0000000000,100.0000000000,0.1000000000,10.0000000000,50.0000000000
34.0000000000,104.0000000000,0.0001343492,50.0000000000,100.0000000000,0.1000000000,10.0000000000,50.0000000000
34.0000000000,105.0000000000,0.0001274998,50.0000000000,100.0000000000,0.1000000000,10.0000000000,50.0000000000
34.0000000000,106.0000000000,0.0001207713,50.0000000000,100.0000000000,0.1000000000,10.0000000000,50.0000000000
34.0000000000,107.0000000000,0.0001123001,50.0000000000,100.0000000000,0.1000000000,10.0000000000,50.0000000000
34.0000000000,108.0000000000,0.0001036150,50.0000000000,100.0000000000,0.1000000000,10.0000000000,50.0000000000
34.0000000000,109.0000000000,0.0000965334,50.0000000000,100.0000000000,0.1000000000,10.0000000000,50.0000000000
34.0000000000,110.0000000000,0.0000876189,50.0000000000,100.0000000000,0.1000000000,10.0000000000,50.0000000000
34.0000000000,111.0000000000,0.0000781960,50.0000000000,100.0000000000,0.1000000000,10.0000000000,50.0000000000
34.0000000000,112.0000000000,0.0000691680,50.0000000000,100.0000000000,0.1000000000,10.0000000000,50.0000000000
34.0000000000,113.0000000000,0.0000606466,50.0000000000,100.0000000000,0.1000000000,10.0000000000,50.0000000000
34.0000000000,114.0000000000,0.0000527894,50.0000000000,100.0000000000,0.1000000000,10.0000000000,50.0000000000
34.0000000000,115.0000000000,0.0000473344,50.0000000000,100.0000000000,0.1000000000,10.0000000000,50.0000000000
34.0000000000,116.0000000000,0.0000401176,50.0000000000,100.0000000000,0.1000000000,10.0000000000,50.0000000000
34.0000000000,117.0000000000,0.0000344648,50.0000000000,100.0000000000,0.1000000000,10.0000000000,50.0000000000
34.0000000000,118.0000000000,0.0000295377,50.0000000000,100.0000000000,0.1000000000,10.0000000000,50.0000000000
34.0000000000,119.0000000000,0.0000241853,50.0000000000,100.0000000000,0.1000000000,10.0000000000,50.0000000000
34.0000000000,120.0000000000,0.0000207753,50.0000000000,100.0000000000,0.1000000000,10.0000000000,50.0000000000
34.0000000000,121.0000000000,0.0000169743,50.0000000000,100.0000000000,0.1000000000,10.0000000000,50.0000000000
34.0000000000,122.0000000000,0.0000141319,50.0000000000,100.0000000000,0.1000000000,10.0000000000,50.0000000000
34.0000000000,123.0000000000,0.0000109775,50.0000000000,100.0000000000,0.1000000000,10.0000000000,50.0000000000
34.0000000000,124.0000000000,0.0000093027,50.0000000000,100.0000000000,0.1000000000,10.0000000000,50.0000000000
34.0000000000,125.0000000000,0.0000066865,50.0000000000,100.0000000000,0.1000000000,10.0000000000,50.0000000000
34.0000000000,126.0000000000,0.0000054182,50.0000000000,100.0000000000,0.1000000000,10.0000000000,50.0000000000
34.0000000000,127.0000000000,0.0000043993,50.0000000000,100.0000000000,0.1000000000,10.0000000000,50.0000000000
34.0000000000,128.0000000000,0.0000035639,50.0000000000,100.0000000000,0.1000000000,10.0000000000,50.0000000000
34.0000000000,129.0000000000,0.0000027175,50.0000000000,100.0000000000,0.1000000000,10.0000000000,50.0000000000
34.0000000000,130.0000000000,0.0000020976,50.0000000000,100.0000000000,0.1000000000,10.0000000000,50.0000000000
34.0000000000,131.0000000000,0.0000015505,50.0000000000,100.0000000000,0.1000000000,10.0000000000,50.0000000000
34.0000000000,132.0000000000,0.0000011838,50.0000000000,100.0000000000,0.1000000000,10.0000000000,50.0000000000
34.0000000000,133.0000000000,0.0000007995,50.0000000000,100.0000000000,0.1000000000,10.0000000000,50.0000000000
34.0000000000,134.0000000000,0.0000006172,50.0000000000,100.0000000000,0.1000000000,10.0000000000,50.0000000000
34.0000000000,135.0000000000,0.0000004374,50.0000000000,100.0000000000,0.1000000000,10.0000000000,50.0000000000
34.0000000000,136.0000000000,0.0000003351,50.0000000000,100.0000000000,0.1000000000,10.0000000000,50.0000000000
34.0000000000,137.0000000000,0.0000003118,50.0000000000,100.0000000000,0.1000000000,10.0000000000,50.0000000000
34.0000000000,138.0000000000,0.0000002139,50.0000000000,100.0000000000,0.1000000000,10.0000000000,50.0000000000
34.0000000000,139.0000000000,0.0000001452,50.0000000000,100.0000000000,0.1000000000,10.0000000000,50.0000000000
34.0000000000,140.0000000000,0.0000000777,50.0000000000,100.0000000000,0.1000000000,10.0000000000,50.0000000000
34.0000000000,141.0000000000,0.0000000650,50.0000000000,100.0000000000,0.1000000000,10.0000000000,50.0000000000
34.0000000000,142.0000000000,0.0000000306,50.0000000000,100.0000000000,0.1000000000,10.0000000000,50.0000000000
34.0000000000,143.0000000000,0.0000000756,50.0000000000,100.0000000000,0.1000000000,10.0000000000,50.0000000000
34.0000000000,144.0000000000,0.0000000662,50.0000000000,100.0000000000,0.1000000000,10.0000000000,50.0000000000
34.0000000000,145.0000000000,0.0000000347,50.0000000000,100.0000000000,0.1000000000,10.0000000000,50.0000000000
34.0000000000,146.0000000000,0.0000000164,50.0000000000,100.0000000000,0.1000000000,10.0000000000,50.0000000000
34.0000000000,147.0000000000,0.0000000233,50.0000000000,100.0000000000,0.1000000000,10.0000000000,50.0000000000
34.0000000000,148.0000000000,0.0000000133,50.0000000000,100.0000000000,0.1000000000,10.0000000000,50.0000000000
34.0000000000,149.0000000000,0.0000000039,50.0000000000,100.0000000000,0.1000000000,10.0000000000,50.0000000000
34.0000000000,150.0000000000,0.0000000102,50.0000000000,100.0000000000,0.1000000000,10.0000000000,50.0000000000
34.0000000000,151.0000000000,0.0000000095,50.0000000000,100.0000000000,0.1000000000,10.0000000000,50.0000000000
35.0000000000,53.0000000000,0.0000000101,50.0000000000,100.0000000000,0.1000000000,10.0000000000,50.0000000000
35.0000000000,54.0000000000,0.0000000060,50.0000000000,100.0000000000,0.1000000000,10.0000000000,50.0000000000
35.0000000000,55.0000000000,0.0000000108,50.0000000000,100.0000000000,0.1000000000,10.0000000000,50.0000000000
35.0000000000,56.0000000000,0.0000000258,50.0000000000,100.0000000000,0.1000000000,10.0000000000,50.0000000000
35.0000000000,57.0000000000,0.0000000520,50.0000000000,100.0000000000,0.1000000000,10.0000000000,50.0000000000
35.0000000000,58.0000000000,0.0000000289,50.0000000000,100.0000000000,0.1000000000,10.0000000000,50.0000000000
35.0000000000,59.0000000000,0.0000000922,50.0000000000,100.0000000000,0.1000000000,10.0000000000,50.0000000000
35.0000000000,60.0000000000,0.0000001516,50.0000000000,100.0000000000,0.1000000000,10.0000000000,50.0000000000
35.0000000000,61.0000000000,0.0000001870,50.0000000000,100.0000000000,0.1000000000,10.0000000000,50.0000000000
35.0000000000,62.0000000000,0.0000002029,50.0000000000,100.0000000000,0.1000000000,10.0000000000,50.0000000000
35.0000000000,63.0000000000,0.0000004488,50.0000000000,100.0000000000,0.1000000000,10.0000000000,50.0000000000
35.0000000000,64.0000000000,0.0000004319,50.0000000000,100.0000000000,0.1000000000,10.0000000000,50.0000000000
35.0000000000,65.0000000000,0.0000005029,50.0000000000,100.0000000000,0.1000000000,10.0000000000,50.0000000000
35.0000000000,66.0000000000,0.0000005949,50.0000000000,100.0000000000,0.1000000000,10.0000000000,50.0000000000
35.0000000000,67.0000000000,0.0000010281,50.0000000000,100.0000000000,0.1000000000,10.0000000000,50.0000000000
35.0000000000,68.0000000000,0.0000013443,50.0000000000,100.0000000000,0.1000000000,10.0000000000,50.0000000000
35.0000000000,69.0000000000,0.0000018966,50.0000000000,100.0000000000,0.1000000000,10.0000000000,50.0000000000
35.0000000000,70.0000000000,0.0000026110,50.0000000000,100.0000000000,0.1000000000,10.0000000000,50.0000000000
35.0000000000,71.0000000000,0.0000033928,50.0000000000,100.0000000000,0.1000000000,10.0000000000,50.0000000000
35.0000000000,72.0000000000,0.0000044531,50.0000000000,100.0000000000,0.1000000000,10.0000000000,50.0000000000
35.0000000000,73.0000000000,0.0000058114,50.0000000000,100.0000000000,0.1000000000,10.0000000000,50.0000000000
35.0000000000,74.0000000000,0.0000077778,50.0000000000,100.0000000000,0.1000000000,10.0000000000,50.0000000000
35.0000000000,75.0000000000,0.0000102345,50.0000000000,100.0000000000,0.1000000000,10.0000000000,50.0000000000
35.0000000000,76.0000000000,0.0000126617,50.0000000000,100.0000000000,0.1000000000,10.0000000000,50.0000000000
35.0000000000,77.0000000000,0.0000158177,50.0000000000,100.0000000000,0.1000000000,10.0000000000,50.0000000000
35.0000000000,78.0000000000,0.0000198739,50.0000000000,100.0000000000,0.1000000000,10.0000000000,50.0000000000
35.0000000000,79.0000000000,0.0000249105,50.0000000000,100.0000000000,0.1000000000,10.0000000000,50.0000000000
35.0000000000,80.0000000000,0.0000304600,50.0000000000,100.0000000000,0.1000000000,10.0000000000,50.0000000000
35.0000000000,81.0000000000,0.0000378596,50.0000000000,100.0000000000,0.1000000000,10.0000000000,50.0000000000
35.0000000000,82.0000000000,0.0000466431,50.0000000000,100.0000000000,0.1000000000,10.0000000000,50.0000000000
35.0000000000,83.0000000000,0.0000549091,50.0000000000,100.0000000000,0.1000000000,10.0000000000,50.0000000000
35.0000000000,84.0000000000,0.0000638303,50.0000000000,100.0000000000,0.1000000000,10.0000000000,50.0000000000
35.0000000000,85.0000000000,0.0000753911,50.0000000000,100.0000000000,0.1000000000,10.0000000000,50.0000000000
35.0000000000,86.0000000000,0.0000851734,50.0000000000,100.0000000000,0.1000000000,10.0000000000,50.0000000000
35.0000000000,87.0000000000,0.0000987300,50.0000000000,100.0000000000,0.1000000000,10.0000000000,50.0000000000
35.0000000000,88.0000000000,0.0001101066,50.0000000000,100.0000000000,0.1000000000,10.0000000000,50.0000000000
35.0000000000,89.0000000000,0.0001234778,50.0000000000,100.0000000000,0.1000000000,10.0000000000,50.0000000000
35.0000000000,90.0000000000,0.0001361815,50.0000000000,100.0000000000,0.1000000000,10.0000000000,50.0000000000
35.0000000000,91.0000000000,0.0001503461,50.0000000000,100.0000000000,0.1000000000,10.0000000000,50.0000000000
35.0000000000,92.0000000000,0.0001625931,50.0000000000,100.0000000000,0.1000000000,10.0000000000,50.0000000000
35.0000000000,93.0000000000,0.0001734756,50.0000000000,100.0000000000,0.1000000000,10.0000000000,50.0000000000
35.0000000000,94.0000000000,0.0001831735,50.0000000000,100.0000000000,0.1000000000,10.0000000000,50.0000000000
35.0000000000,95.0000000000,0.0001926563,50.0000000000,100.0000000000,0.1000000000,10.0000000000,50.0000000000
35.0000000000,96.0000000000,0.0001981763,50.0000000000,100.0000000000,0.1000000000,10.0000000000,50.0000000000
35.0000000000,97.0000000000,0.0002051029,50.0000000000,100.0000000000,0.1000000000,10.0000000000,50.0000000000
35.0000000000,98.0000000000,0.0002112104,50.0000000000,100.0000000000,0.1000000000,10.0000000000,50.0000000000
35.0000000000,99.0000000000,0.0002143109,50.0000000000,100.0000000000,0.1000000000,10.0000000000,50.0000000000
35.0000000000,100.0000000000,0.0002131372,50.0000000000,100.0000000000,0.1000000000,10.0000000000,50.0000000000
35.0000000000,101.0000000000,0.0002117712,50.0000000000,100.0000000000,0.1000000000,10.0000000000,50.0000000000
35.0000000000,102.0000000000,0.0002053552,50.0000000000,100.0000000000,0.1000000000,10.0000000000,50.0000000000
35.0000000000,103.0000000000,0.0002000491,50.0000000000,100.0000000000,0.1000000000,10.0000000000,50.0000000000
35.0000000000,104.0000000000,0.0001916832,50.0000000000,100.0000000000,0.1000000000,10.0000000000,50.0000000000
35.0000000000,105.0000000000,0.0001835141,50.0000000000,100.0000000000,0.1000000000,10.0000000000,50.0000000000
35.0000000000,106.0000000000,0.0001711724,50.0000000000,100.0000000000,0.1000000000,10.0000000000,50.0000000000
35.0000000000,107.0000000000,0.0001606891,50.0000000000,100.0000000000,0.1000000000,10.0000000000,50.0000000000
35.0000000000,108.0000000000,0.0001491422,50.0000000000,100.0000000000,0.1000000000,10.0000000000,50.0000000000
35.0000000000,109.0000000000,0.0001368939,50.0000000000,100.0000000000,0.1000000000,10.0000000000,50.0000000000
35.0000000000,110.0000000000,0.0001260750,50.0000000000,100.0000000000,0.1000000000,10.0000000000,50.0000000000
35.0000000000,111.0000000000,0.0001130254,50.0000000000,100.0000000000,0.1000000000,10.0000000000,50.0000000000
35.0000000000,112.0000000000,0.0001006167,50.0000000000,100.0000000000,0.1000000000,10.0000000000,50.0000000000
35.0000000000,113.0000000000,0.0000868977,50.0000000000,100.0000000000,0.1000000000,10.0000000000,50.0000000000
35.0000000000,114.0000000000,0.0000763494,50.0000000000,100.0000000000,0.1000000000,10.0000000000,50.0000000000
35.0000000000,115.0000000000,0.0000672393,50.0000000000,100.0000000000,0.1000000000,10.0000000000,50.0000000000
35.0000000000,116.0000000000,0.0000572129,50.0000000000,100.0000000000,0.1000000000,10.0000000000,50.0000000000
35.0000000000,117.0000000000,0.0000498515,50.0000000000,100.0000000000,0.1000000000,10.0000000000,50.0000000000
35.0000000000,118.0000000000,0.0000417083,50.0000000000,100.0000000000,0.1000000000,10.0000000000,50.0000000000
35.0000000000,119.0000000000,0.0000350163,50.0000000000,100.0000000000,0.1000000000,10.0000000000,50.0000000000
35.0000000000,120.0000000000,0.0000295449,50.0000000000,100.0000000000,0.1000000000,10.0000000000,50.0000000000
35.0000000000,121.0000000000,0.0000243345,50.0000000000,100.0000000000,0.1000000000,10.0000000000,50.0000000000
35.0000000000,122.0000000000,0.0000202567,50.0000000000,100.0000000000,0.1000000000,10.0000000000,50.0000000000
35.0000000000,123.0000000000,0.0000164313,50.0000000000,100.0000000000,0.1000000000,10.0000000000,50.0000000000
35.0000000000,124.0000000000,0.0000131442,50.0000000000,100.0000000000,0.1000000000,10.0000000000,50.0000000000
35.0000000000,125.0000000000,0.0000100776,50.0000000000,100.0000000000,0.1000000000,10.0000000000,50.0000000000
35.0000000000,126.0000000000,0.0000081565,50.0000000000,100.0000000000,0.1000000000,10.0000000000,50.0000000000
35.0000000000,127.0000000000,0.0000065905,50.0000000000,100.0000000000,0.1000000000,10.0000000000,50.0000000000
35.0000000000,128.0000000000,0.0000052300,50.0000000000,100.0000000000,0.1000000000,10.0000000000,50.0000000000
35.0000000000,129.0000000000,0.0000038690,50.0000000000,100.0000000000,0.1000000000,10.0000000000,50.0000000000
35.0000000000,130.0000000000,0.0000028850,50.0000000000,100.0000000000,0.1000000000,10.0000000000,50.0000000000
35.0000000000,131.0000000000,0.0000023929,50.0000000000,100.0000000000,0.1000000000,10.0000000000,50.0000000000
35.0000000000,132.0000000000,0.0000016631,50.0000000000,100.0000000000,0.1000000000,10.0000000000,50.0000000000
35.0000000000,133.0000000000,0.0000012030,50.0000000000,100.0000000000,0.1000000000,10.0000000000,50.0000000000
35.0000000000,134.0000000000,0.0000008874,50.0000000000,100.0000000000,0.1000000000,10.0000000000,50.0000000000
35.0000000000,135.0000000000,0.0000007101,50.0000000000,100.0000000000,0.1000000000,10.0000000000,50.0000000000
35.0000000000,136.0000000000,0.0000005224,50.0000000000,100.0000000000,0.1000000000,10.0000000000,50.0000000000
35.0000000000,137.0000000000,0.0000004199,50.0000000000,100.0000000000,0.1000000000,10.0000000000,50.0000000000
35.0000000000,138.0000000000,0.0000003347,50.0000000000,100.0000000000,0.1000000000,10.0000000000,50.0000000000
35.0000000000,139.0000000000,0.0000001603,50.0000000000,100.0000000000,0.1000000000,10.0000000000,50.0000000000
35.0000000000,140.0000000000,0.0000001062,50.0000000000,100.0000000000,0.1000000000,10.0000000000,50.0000000000
35.0000000000,141.0000000000,0.0000001019,50.0000000000,100.0000000000,0.1000000000,10.0000000000,50.0000000000
35.0000000000,142.0000000000,0.0000000603,50.0000000000,100.0000000000,0.1000000000,10.0000000000,50.0000000000
35.0000000000,143.0000000000,0.0000001015,50.0000000000,100.0000000000,0.1000000000,10.0000000000,50.0000000000
35.0000000000,144.0000000000,0.0000000925,50.0000000000,100.0000000000,0.1000000000,10.0000000000,50.0000000000
35.0000000000,145.0000000000,0.0000000299,50.0000000000,100.0000000000,0.1000000000,10.0000000000,50.0000000000
35.0000000000,146.0000000000,0.0000000393,50.0000000000,100.0000000000,0.1000000000,10.0000000000,50.0000000000
35.0000000000,147.0000000000,0.0000000343,50.0000000000,100.0000000000,0.1000000000,10.0000000000,50.0000000000
35.0000000000,148.0000000000,0.0000000093,50.0000000000,100.0000000000,0.1000000000,10.0000000000,50.0000000000
35.0000000000,149.0000000000,0.0000000030,50.0000000000,100.0000000000,0.1000000000,10.0000000000,50.0000000000
35.0000000000,150.0000000000,0.0000000103,50.0000000000,100.0000000000,0.1000000000,10.0000000000,50.0000000000
35.0000000000,151.0000000000,0.0000000016,50.0000000000,100.0000000000,0.1000000000,10.0000000000,50.0000000000
36.0000000000,52.0000000000,0.0000000041,50.0000000000,100.0000000000,0.1000000000,10.0000000000,50.0000000000
36.0000000000,53.0000000000,0.0000000174,50.0000000000,100.0000000000,0.1000000000,10.0000000000,50.0000000000
36.0000000000,54.0000000000,0.0000000008,50.0000000000,100.0000000000,0.1000000000,10.0000000000,50.0000000000
36.0000000000,55.0000000000,0.0000000159,50.0000000000,100.0000000000,0.1000000000,10.0000000000,50.0000000000
36.0000000000,56.0000000000,0.0000000393,50.0000000000,100.0000000000,0.1000000000,10.0000000000,50.0000000000
36.0000000000,57.0000000000,0.0000000584,50.0000000000,100.0000000000,0.1000000000,10.0000000000,50.0000000000
36.0000000000,58.0000000000,0.0000000643,50.0000000000,100.0000000000,0.1000000000,10.0000000000,50.0000000000
36.0000000000,59.0000000000,0.0000000911,50.0000000000,100.0000000000,0.1000000000,10.0000000000,50.0000000000
36.0000000000,60.0000000000,0.0000002051,50.0000000000,100.0000000000,0.1000000000,10.0000000000,50.0000000000
36.0000000000,61.0000000000,0.0000002527,50.0000000000,100.0000000000,0.1000000000,10.0000000000,50.0000000000
36.0000000000,62.0000000000,0.0000002573,50.0000000000,100.0000000000,0.1000000000,10.0000000000,50.0000000000
36.0000000000,63.0000000000,0.0000004678,50.0000000000,100.0000000000,0.1000000000,10.0000000000,50.0000000000
36.0000000000,64.0000000000,0.0000005310,50.0000000000,100.0000000000,0.1000000000,10.0000000000,50.0000000000
36.0000000000,65.0000000000,0.0000007504,50.0000000000,100.0000000000,0.1000000000,10.0000000000,50.0000000000
36.0000000000,66.0000000000,0.0000007729,50.0000000000,100.0000000000,0.1000000000,10.0000000000,50.0000000000
36.0000000000,67.0000000000,0.0000011570,50.0000000000,100.0000000000,0.1000000000,10.0000000000,50.0000000000
36.0000000000,68.0000000000,0.0000016975,50.0000000000,100.0000000000,0.1000000000,10.0000000000,50.0000000000
36.0000000000,69.0000000000,0.0000024748,50.0000000000,100.0000000000,0.1000000000,10.0000000000,50.0000000000
36.0000000000,70.0000000000,0.0000033432,50.0000000000,100.0000000000,0.1000000000,10.0000000000,50.0000000000
36.0000000000,71.0000000000,0.0000045823,50.0000000000,100.0000000000,0.1000000000,10.0000000000,50.0000000000
36.0000000000,72.0000000000,0.0000060908,50.0000000000,100.0000000000,0.1000000000,10.0000000000,50.0000000000
36.0000000000,73.0000000000,0.0000079110,50.0000000000,100.0000000000,0.1000000000,10.0000000000,50.0000000000
36.0000000000,74.0000000000,0.0000109788,50.0000000000,100.0000000000,0.1000000000,10.0000000000,50.0000000000
36.0000000000,75.0000000000,0.0000137747,50.0000000000,100.0000000000,0.1000000000,10.0000000000,50.0000000000
36.0000000000,76.0000000000,0.0000174723,50.0000000000,100.0000000000,0.1000000000,10.0000000000,50.0000000000
36.0000000000,77.0000000000,0.0000222028,50.0000000000,100.0000000000,0.1000000000,10.0000000000,50.0000000000
36.0000000000,78.0000000000,0.0000279525,50.0000000000,100.0000000000,0.1000000000,10.0000000000,50.0000000000
36.0000000000,79.0000000000,0.0000341895,50.0000000000,100.0000000000,0.1000000000,10.0000000000,50.0000000000
36.0000000000,80.0000000000,0.0000416448,50.0000000000,100.0000000000,0.1000000000,10.0000000000,50.0000000000
36.0000000000,81.0000000000,0.0000523006,50.0000000000,100.0000000000,0.1000000000,10.0000000000,50.0000000000
36.0000000000,82.0000000000,0.0000640061,50.0000000000,100.0000000000,0.1000000000,10.0000000000,50.0000000000
36.0000000000,83.0000000000,0.0000755336,50.0000000000,100.0000000000,0.1000000000,10.0000000000,50.0000000000
36.0000000000,84.0000000000,0.0000901778,50.0000000000,100.0000000000,0.1000000000,10.0000000000,50.0000000000
36.0000000000,85.0000000000,0.0001036637,50.0000000000,100.0000000000,0.1000000000,10.0000000000,50.0000000000
36.0000000000,86.0000000000,0.0001175339,50.0000000000,100.0000000000,0.1000000000,10.0000000000,50.0000000000
36.0000000000,87.0000000000,0.0001365709,50.0000000000,100.0000000000,0.1000000000,10.0000000000,50.0000000000
36.0000000000,88.0000000000,0.0001538519,50.0000000000,100.0000000000,0.1000000000,10.0000000000,50.0000000000
36.0000000000,89.0000000000,0.0001712547,50.0000000000,100.0000000000,0.1000000000,10.0000000000,50.0000000000
36.0000000000,90.0000000000,0.0001912231,50.0000000000,100.0000000000,0.1000000000,10.0000000000,50.0000000000
36.0000000000,91.0000000000,0.0002087357,50.0000000000,100.0000000000,0.1000000000,10.0000000000,50.0000000000
36.0000000000,92.0000000000,0.0002264383,50.0000000000,100.0000000000,0.1000000000,10.0000000000,50.0000000000
36.0000000000,93.0000000000,0.0002392143,50.0000000000,100.0000000000,0.1000000000,10.0000000000,50.0000000000
36.0000000000,94.0000000000,0.0002552424,50.0000000000,100.0000000000,0.1000000000,10.0000000000,50.0000000000
36.0000000000,95.0000000000,0.0002679212,50.0000000000,100.0000000000,0.1000000000,10.0000000000,50.0000000000
36.0000000000,96.0000000000,0.0002759991,50.0000000000,100.0000000000,0.1000000000,10.0000000000,50.0000000000
36.0000000000,97.0000000000,0.0002861282,50.0000000000,100.0000000000,0.1000000000,10.0000000000,50.0000000000
36.0000000000,98.0000000000,0.0002937891,50.0000000000,100.0000000000,0.1000000000,10.0000000000,50.0000000000
36.0000000000,99.0000000000,0.0002964580,50.0000000000,100.0000000000,0.1000000000,10.0000000000,50.0000000000
36.0000000000,100.0000000000,0.0002991578,50.0000000000,100.0000000000,0.1000000000,10.0000000000,50.0000000000
36.0000000000,101.0000000000,0.0002954007,50.0000000000,100.0000000000,0.1000000000,10.0000000000,50.0000000000
36.0000000000,102.0000000000,0.0002881771,50.0000000000,100.0000000000,0.1000000000,10.0000000000,50.0000000000
36.0000000000,103.0000000000,0.0002799198,50.0000000000,100.0000000000,0.1000000000,10.0000000000,50.0000000000
36.0000000000,104.0000000000,0.0002668560,50.0000000000,100.0000000000,0.1000000000,10.0000000000,50.0000000000
36.0000000000,105.0000000000,0.0002547288,50.0000000000,100.0000000000,0.1000000000,10.0000000000,50.0000000000
36.0000000000,106.0000000000,0.0002396921,50.0000000000,100.0000000000,0.1000000000,10.0000000000,50.0000000000
36.0000000000,107.0000000000,0.0002243078,50.0000000000,100.0000000000,0.1000000000,10.0000000000,50.0000000000
36.0000000000,108.0000000000,0.0002087632,50.0000000000,100.0000000000,0.1000000000,10.0000000000,50.0000000000
36.0000000000,109.0000000000,0.0001927124,50.0000000000,100.0000000000,0.1000000000,10.0000000000,50.0000000000
36.0000000000,110.0000000000,0.0001747360,50.0000000000,100.0000000000,0.1000000000,10.0000000000,50.0000000000
36.0000000000,111.0000000000,0.0001579636,50.0000000000,100.0000000000,0.1000000000,10.0000000000,50.0000000000
36.0000000000,112.0000000000,0.0001392782,50.0000000000,100.0000000000,0.1000000000,10.0000000000,50.0000000000
36.0000000000,113.0000000000,0.0001229803,50.0000000000,100.0000000000,0.1000000000,10.0000000000,50.0000000000
36.0000000000,114.0000000000,0.0001077934,50.0000000000,100.0000000000,0.1000000000,10.0000000000,50.0000000000
36.0000000000,115.0000000000,0.0000941704,50.0000000000,100.0000000000,0.1000000000,10.0000000000,50.0000000000
36.0000000000,116.0000000000,0.0000802935,50.0000000000,100.0000000000,0.1000000000,10.0000000000,50.0000000000
36.0000000000,117.0000000000,0.0000689200,50.0000000000,100.0000000000,0.1000000000,10.0000000000,50.0000000000
36.0000000000,118.0000000000,0.0000585325,50.0000000000,100.0000000000,0.1000000000,10.0000000000,50.0000000000
36.0000000000,119.0000000000,0.0000485115,50.0000000000,100.0000000000,0.1000000000,10.0000000000,50.0000000000
36.0000000000,120.0000000000,0.0000410920,50.0000000000,100.0000000000,0.1000000000,10.0000000000,50.0000000000
36.0000000000,121.0000000000,0.0000339432,50.0000000000,100.0000000000,0.1000000000,10.0000000000,50.0000000000
36.0000000000,122.0000000000,0.0000291255,50.0000000000,100.0000000000,0.1000000000,10.0000000000,50.0000000000
36.0000000000,123.0000000000,0.0000224977,50.0000000000,100.0000000000,0.1000000000,10.0000000000,50.0000000000
36.0000000000,124.0000000000,0.0000185756,50.0000000000,100.0000000000,0.1000000000,10.0000000000,50.0000000000
36.0000000000,125.0000000000,0.0000143447,50.0000000000,100.0000000000,0.1000000000,10.0000000000,50.0000000000
36.0000000000,126.0000000000,0.0000114850,50.0000000000,100.0000000000,0.1000000000,10.0000000000,50.0000000000
36.0000000000,127.0000000000,0.0000092769,50.0000000000,100.0000000000,0.1000000000,10.0000000000,50.0000000000
36.0000000000,128.0000000000,0.0000071611,50.0000000000,100.0000000000,0.1000000000,10.0000000000,50.0000000000
36.0000000000,129.0000000000,0.0000055889,50.0000000000,100.0000000000,0.1000000000,10.0000000000,50.0000000000
36.0000000000,130.0000000000,0.0000040954,50.0000000000,100.0000000000,0.1000000000,10.0000000000,50.0000000000
36.0000000000,131.0000000000,0.0000032282,50.0000000000,100.0000000000,0.1000000000,10.0000000000,50.0000000000
36.0000000000,132.0000000000,0.0000022756,50.0000000000,100.0000000000,0.1000000000,10.0000000000,50.0000000000
36.0000000000,133.0000000000,0.0000015731,50.0000000000,100.0000000000,0.1000000000,10.0000000000,50.0000000000
36.0000000000,134.0000000000,0.0000013200,50.0000000000,100.0000000000,0.1000000000,10.0000000000,50.0000000000
36.0000000000,135.0000000000,0.0000010562,50.0000000000,100.0000000000,0.1000000000,10.0000000000,50.0000000000
36.0000000000,136.0000000000,0.0000007715,50.0000000000,100.0000000000,0.1000000000,10.0000000000,50.0000000000
36.0000000000,137.0000000000,0.0000005883,50.0000000000,100.0000000000,0.1000000000,10.0000000000,50.0000000000
36.0000000000,138.0000000000,0.0000004271,50.0000000000,100.0000000000,0.1000000000,10.0000000000,50.0000000000
36.0000000000,139.0000000000,0.0000002136,50.0000000000,100.0000000000,0.1000000000,10.0000000000,50.0000000000
36.0000000000,140.0000000000,0.0000001197,50.0000000000,100.0000000000,0.1000000000,10.0000000000,50.0000000000
36.0000000000,141.0000000000,0.0000001035,50.0000000000,100.0000000000,0.1000000000,10.0000000000,50.0000000000
36.0000000000,142.0000000000,0.0000001070,50.0000000000,100.0000000000,0.1000000000,10.0000000000,50.0000000000
36.0000000000,143.0000000000,0.0000001046,50.0000000000,100.0000000000,0.1000000000,10.0000000000,50.0000000000
36.0000000000,144.0000000000,0.0000001055,50.0000000000,100.0000000000,0.1000000000,10.0000000000,50.0000000000
36.0000000000,145.0000000000,0.0000000949,50.0000000000,100.0000000000,0.1000000000,10.0000000000,50.0000000000
36.0000000000,146.0000000000,0.0000000329,50.0000000000,100.0000000000,0.1000000000,10.0000000000,50.0000000000
36.0000000000,147.0000000000,0.0000000440,50.0000000000,100.0000000000,0.1000000000,10.0000000000,50.0000000000
36.0000000000,148.0000000000,0.0000000248,50.0000000000,100.0000000000,0.1000000000,10.0000000000,50.0000000000
36.0000000000,149.0000000000,0.0000000199,50.0000000000,100.0000000000,0.1000000000,10.0000000000,50.0000000000
36.0000000000,150.0000000000,0.0000000082,50.0000000000,100.0000000000,0.1000000000,10.0000000000,50.0000000000
36.0000000000,151.0000000000,0.0000000072,50.0000000000,100.0000000000,0.1000000000,10.0000000000,50.0000000000
37.0000000000,52.0000000000,0.0000000034,50.0000000000,100.0000000000,0.1000000000,10.0000000000,50.0000000000
37.0000000000,53.0000000000,0.0000000089,50.0000000000,100.0000000000,0.1000000000,10.0000000000,50.0000000000
37.0000000000,55.0000000000,0.0000000136,50.0000000000,100.0000000000,0.1000000000,10.0000000000,50.0000000000
37.0000000000,56.0000000000,0.0000000182,50.0000000000,100.0000000000,0.1000000000,10.0000000000,50.0000000000
37.0000000000,57.0000000000,0.0000000557,50.0000000000,100.0000000000,0.1000000000,10.0000000000,50.0000000000
37.0000000000,58.0000000000,0.0000000504,50.0000000000,100.0000000000,0.1000000000,10.0000000000,50.0000000000
37.0000000000,59.0000000000,0.0000001170,50.0000000000,100.0000000000,0.1000000000,10.0000000000,50.0000000000
37.0000000000,60.0000000000,0.0000001753,50.0000000000,100.0000000000,0.1000000000,10.0000000000,50.0000000000
37.0000000000,61.0000000000,0.0000002549,50.0000000000,100.0000000000,0.1000000000,10.0000000000,50.0000000000
37.0000000000,62.0000000000,0.0000003045,50.0000000000,100.0000000000,0.1000000000,10.0000000000,50.0000000000
37.0000000000,63.0000000000,0.0000005402,50.0000000000,100.0000000000,0.1000000000,10.0000000000,50.0000000000
37.0000000000,64.0000000000,0.0000008005,50.0000000000,100.0000000000,0.1000000000,10.0000000000,50.0000000000
37.0000000000,65.0000000000,0.0000008957,50.0000000000,100.0000000000,0.1000000000,10.0000000000,50.0000000000
37.0000000000,66.0000000000,0.0000011669,50.0000000000,100.0000000000,0.1000000000,10.0000000000,50.0000000000
37.0000000000,67.0000000000,0.0000016002,50.0000000000,100.0000000000,0.1000000000,10.0000000000,50.0000000000
37.0000000000,68.0000000000,0.0000022421,50.0000000000,100.0000000000,0.1000000000,10.0000000000,50.0000000000
37.0000000000,69.0000000000,0.0000032020,50.0000000000,100.0000000000,0.1000000000,10.0000000000,50.0000000000
37.0000000000,70.0000000000,0.0000043024,50.0000000000,100.0000000000,0.1000000000,10.0000000000,50.0000000000
37.0000000000,71.0000000000,0.0000061138,50.0000000000,100.0000000000,0.1000000000,10.0000000000,50.0000000000
37.0000000000,72.0000000000,0.0000081150,50.0000000000,100.0000000000,0.1000000000,10.0000000000,50.0000000000
37.0000000000,73.0000000000,0.0000109758,50.0000000000,100.0000000000,0.1000000000,10.0000000000,50.0000000000
37.0000000000,74.0000000000,0.0000144345,50.0000000000,100.0000000000,0.1000000000,10.0000000000,50.0000000000
37.0000000000,75.0000000000,0.0000183304,50.0000000000,100.0000000000,0.1000000000,10.0000000000,50.0000000000
37.0000000000,76.0000000000,0.0000229652,50.0000000000,100.0000000000,0.1000000000,10.0000000000,50.0000000000
37.0000000000,77.0000000000,0.0000301243,50.0000000000,100.0000000000,0.1000000000,10.0000000000,50.0000000000
37.0000000000,78.0000000000,0.0000368908,50.0000000000,100.0000000000,0.1000000000,10.0000000000,50.0000000000
37.0000000000,79.0000000000,0.0000468524,50.0000000000,100.0000000000,0.1000000000,10.0000000000,50.0000000000
37.0000000000,80.0000000000,0.0000561114,50.0000000000,100.0000000000,0.1000000000,10.0000000000,50.0000000000
37.0000000000,81.0000000000,0.0000703730,50.0000000000,100.0000000000,0.1000000000,10.0000000000,50.0000000000
37.0000000000,82.0000000000,0.0000847982,50.0000000000,100.0000000000,0.1000000000,10.0000000000,50.0000000000
37.0000000000,83.0000000000,0.0001020637,50.0000000000,100.0000000000,0.1000000000,10.0000000000,50.0000000000
37.0000000000,84.0000000000,0.0001206056,50.0000000000,100.0000000000,0.1000000000,10.0000000000,50.0000000000
37.0000000000,85.0000000000,0.0001391024,50.0000000000,100.0000000000,0.1000000000,10.0000000000,50.0000000000
37.0000000000,86.0000000000,0.0001606547,50.0000000000,100.0000000000,0.1000000000,10.0000000000,50.0000000000
37.0000000000,87.0000000000,0.0001835203,50.0000000000,100.0000000000,0.1000000000,10.0000000000,50.0000000000
37.0000000000,88.0000000000,0.0002071108,50.0000000000,100.0000000000,0.1000000000,10.0000000000,50.0000000000
37.0000000000,89.0000000000,0.0002327029,50.0000000000,100.0000000000,0.1000000000,10.0000000000,50.0000000000
37.0000000000,90.0000000000,0.0002570118,50.0000000000,100.0000000000,0.1000000000,10.0000000000,50.0000000000
37.0000000000,91.0000000000,0.0002815413,50.0000000000,100.0000000000,0.1000000000,10.0000000000,50.0000000000
37.0000000000,92.0000000000,0.0003036504,50.0000000000,100.0000000000,0.1000000000,10.0000000000,50.0000000000
37.0000000000,93.0000000000,0.0003262229,50.0000000000,100.0000000000,0.1000000000,10.0000000000,50.0000000000
37.0000000000,94.0000000000,0.0003473844,50.0000000000,100.0000000000,0.1000000000,10.0000000000,50.0000000000
37.0000000000,95.0000000000,0.0003645670,50.0000000000,100.0000000000,0.1000000000,10.0000000000,50.0000000000
37.0000000000,96.0000000000,0.0003740877,50.0000000000,100.0000000000,0.1000000000,10.0000000000,50.0000000000
37.0000000000,97.0000000000,0.0003903988,50.0000000000,100.0000000000,0.1000000000,10.0000000000,50.0000000000
37.0000000000,98.0000000000,0.0003965623,50.0000000000,100.0000000000,0.1000000000,10.0000000000,50.0000000000
37.0000000000,99.0000000000,0.0004007768,50.0000000000,100.0000000000,0.1000000000,10.0000000000,50.0000000000
37.0000000000,100.0000000000,0.0004007132,50.0000000000,100.0000000000,0.1000000000,10.0000000000,50.0000000000
37.0000000000,101.0000000000,0.0004015671,50.0000000000,100.0000000000,0.1000000000,10.0000000000,50.0000000000
37.0000000000,102.0000000000,0.0003895980,50.0000000000,100.0000000000,0.1000000000,10.0000000000,50.0000000000
37.0000000000,103.0000000000,0.0003769701,50.0000000000,100.0000000000,0.1000000000,10.0000000000,50.0000000000
37.0000000000,104.0000000000,0.0003638362,50.0000000000,100.0000000000,0.1000000000,10.0000000000,50.0000000000
37.0000000000,105.0000000000,0.0003445290,50.0000000000,100.0000000000,0.1000000000,10.0000000000,50.0000000000
37.0000000000,106.0000000000,0.0003251266,50.0000000000,100.0000000000,0.1000000000,10.0000000000,50.0000000000
37.0000000000,107.0000000000,0.0003040531,50.0000000000,100.0000000000,0.1000000000,10.0000000000,50.0000000000
37.0000000000,108.0000000000,0.0002808414,50.0000000000,100.0000000000,0.1000000000,10.0000000000,50.0000000000
37.0000000000,109.0000000000,0.0002590410,50.0000000000,100.0000000000,0.1000000000,10.0000000000,50.0000000000
37.0000000000,110.0000000000,0.0002349064,50.0000000000,100.0000000000,0.1000000000,10.0000000000,50.0000000000
37.0000000000,111.0000000000,0.0002123126,50.0000000000,100.0000000000,0.1000000000,10.0000000000,50.0000000000
37.0000000000,112.0000000000,0.0001881556,50.0000000000,100.0000000000,0.1000000000,10.0000000000,50.0000000000
37.0000000000,113.0000000000,0.0001670506,50.0000000000,100.0000000000,0.1000000000,10.0000000000,50.0000000000
37.0000000000,114.0000000000,0.0001462002,50.0000000000,100.0000000000,0.1000000000,10.0000000000,50.0000000000
37.0000000000,115.0000000000,0.0001265001,50.0000000000,100.0000000000,0.1000000000,10.0000000000,50.0000000000
37.0000000000,116.0000000000,0.0001095117,50.0000000000,100.0000000000,0.1000000000,10.0000000000,50.0000000000
37.0000000000,117.0000000000,0.0000929307,50.0000000000,100.0000000000,0.1000000000,10.0000000000,50.0000000000
37.0000000000,118.0000000000,0.0000793730,50.0000000000,100.0000000000,0.1000000000,10.0000000000,50.0000000000
37.0000000000,119.0000000000,0.0000663771,50.0000000000,100.0000000000,0.1000000000,10.0000000000,50.0000000000
37.0000000000,120.0000000000,0.0000561973,50.0000000000,100.0000000000,0.1000000000,10.0000000000,50.0000000000
37.0000000000,121.0000000000,0.0000467386,50.0000000000,100.0000000000,0.1000000000,10.0000000000,50.0000000000
37.0000000000,122.0000000000,0.0000386480,50.0000000000,100.0000000000,0.1000000000,10.0000000000,50.0000000000
37.0000000000,123.0000000000,0.0000307185,50.0000000000,100.0000000000,0.1000000000,10.0000000000,50.0000000000
37.0000000000,124.0000000000,0.0000246647,50.0000000000,100.0000000000,0.1000000000,10.0000000000,50.0000000000
37.0000000000,125.0000000000,0.0000196489,50.0000000000,100.0000000000,0.1000000000,10.0000000000,50.0000000000
37.0000000000,126.0000000000,0.0000157688,50.0000000000,100.0000000000,0.1000000000,10.0000000000,50.0000000000
37.0000000000,127.0000000000,0.0000120694,50.0000000000,100.0000000000,0.1000000000,10.0000000000,50.0000000000
37.0000000000,128.0000000000,0.0000093686,50.0000000000,100.0000000000,0.1000000000,10.0000000000,50.0000000000
37.0000000000,129.0000000000,0.0000073791,50.0000000000,100.0000000000,0.1000000000,10.0000000000,50.0000000000
37.0000000000,130.0000000000,0.0000058906,50.0000000000,100.0000000000,0.1000000000,10.0000000000,50.0000000000
37.0000000000,131.0000000000,0.0000043490,50.0000000000,100.0000000000,0.1000000000,10.0000000000,50.0000000000
37.0000000000,132.0000000000,0.0000030500,50.0000000000,100.0000000000,0.1000000000,10.0000000000,50.0000000000
37.0000000000,133.0000000000,0.0000023859,50.0000000000,100.0000000000,0.1000000000,10.0000000000,50.0000000000
37.0000000000,134.0000000000,0.0000017310,50.0000000000,100.0000000000,0.1000000000,10.0000000000,50.0000000000
37.0000000000,135.0000000000,0.0000013800,50.0000000000,100.0000000000,0.1000000000,10.0000000000,50.0000000000
37.0000000000,136.0000000000,0.0000011064,50.0000000000,100.0000000000,0.1000000000,10.0000000000,50.0000000000
37.0000000000,137.0000000000,0.0000008410,50.0000000000,100.0000000000,0.1000000000,10.0000000000,50.0000000000
37.0000000000,138.0000000000,0.0000004443,50.0000000000,100.0000000000,0.1000000000,10.0000000000,50.0000000000
37.0000000000,139.0000000000,0.0000003432,50.0000000000,100.0000000000,0.1000000000,10.0000000000,50.0000000000
37.0000000000,140.0000000000,0.0000002469,50.0000000000,100.0000000000,0.1000000000,10.0000000000,50.0000000000
37.0000000000,141.0000000000,0.0000001586,50.0000000000,100.0000000000,0.1000000000,10.0000000000,50.0000000000
37.0000000000,142.0000000000,0.0000001267,50.0000000000,100.0000000000,0.1000000000,10.0000000000,50.0000000000
37.0000000000,143.0000000000,0.0000001182,50.0000000000,100.0000000000,0.1000000000,10.0000000000,50.0000000000
37.0000000000,144.0000000000,0.0000001247,50.0000000000,100.0000000000,0.1000000000,10.0000000000,50.0000000000
37.0000000000,145.0000000000,0.0000000974,50.0000000000,100.0000000000,0.1000000000,10.0000000000,50.0000000000
37.0000000000,146.0000000000,0.0000000395,50.0000000000,100.0000000000,0.1000000000,10.0000000000,50.0000000000
37.0000000000,147.0000000000,0.0000000332,50.0000000000,100.0000000000,0.1000000000,10.0000000000,50.0000000000
37.0000000000,148.0000000000,0.0000000163,50.0000000000,100.0000000000,0.1000000000,10.0000000000,50.0000000000
37.0000000000,149.0000000000,0.0000000123,50.0000000000,100.0000000000,0.1000000000,10.0000000000,50.0000000000
37.0000000000,150.0000000000,0.0000000093,50.0000000000,100.0000000000,0.1000000000,10.0000000000,50.0000000000
37.0000000000,151.0000000000,0.0000000144,50.0000000000,100.0000000000,0.1000000000,10.0000000000,50.0000000000
37.0000000000,152.0000000000,0.0000000006,50.0000000000,100.0000000000,0.1000000000,10.0000000000,50.0000000000
38.0000000000,53.0000000000,0.0000000121,50.0000000000,100.0000000000,0.1000000000,10.0000000000,50.0000000000
38.0000000000,55.0000000000,0.0000000127,50.0000000000,100.0000000000,0.1000000000,10.0000000000,50.0000000000
38.0000000000,56.0000000000,0.0000000274,50.0000000000,100.0000000000,0.1000000000,10.0000000000,50.0000000000
38.0000000000,57.0000000000,0.0000000635,50.0000000000,100.0000000000,0.1000000000,10.0000000000,50.0000000000
38.0000000000,58.0000000000,0.0000000683,50.0000000000,100.0000000000,0.1000000000,10.0000000000,50.0000000000
38.0000000000,59.0000000000,0.0000001335,50.0000000000,100.0000000000,0.1000000000,10.0000000000,50.0000000000
38.0000000000,60.0000000000,0.0000002137,50.0000000000,100.0000000000,0.1000000000,10.0000000000,50.0000000000
38.0000000000,61.0000000000,0.0000003606,50.0000000000,100.0000000000,0.1000000000,10.0000000000,50.0000000000
38.0000000000,62.0000000000,0.0000004116,50.0000000000,100.0000000000,0.1000000000,10.0000000000,50.0000000000
38.0000000000,63.0000000000,0.0000006150,50.0000000000,100.0000000000,0.1000000000,10.0000000000,50.0000000000
38.0000000000,64.0000000000,0.0000008601,50.0000000000,100.0000000000,0.1000000000,10.0000000000,50.0000000000
38.0000000000,65.0000000000,0.0000010627,50.0000000000,100.0000000000,0.1000000000,10.0000000000,50.0000000000
38.0000000000,66.0000000000,0.0000013991,50.0000000000,100.0000000000,0.1000000000,10.0000000000,50.0000000000
38.0000000000,67.0000000000,0.0000022267,50.0000000000,100.0000000000,0.1000000000,10.0000000000,50.0000000000
38.0000000000,68.0000000000,0.0000030457,50.0000000000,100.0000000000,0.1000000000,10.0000000000,50.0000000000
38.0000000000,69.0000000000,0.0000040826,50.0000000000,100.0000000000,0.1000000000,10.0000000000,50.0000000000
38.0000000000,70.0000000000,0.0000054284,50.0000000000,100.0000000000,0.1000000000,10.0000000000,50.0000000000
38.0000000000,71.0000000000,0.0000074608,50.0000000000,100.0000000000,0.1000000000,10.0000000000,50.0000000000
38.0000000000,72.0000000000,0.0000108752,50.0000000000,100.0000000000,0.1000000000,10.0000000000,50.0000000000
38.0000000000,73.0000000000,0.0000143048,50.0000000000,100.0000000000,0.1000000000,10.0000000000,50.0000000000
38.0000000000,74.0000000000,0.0000186685,50.0000000000,100.0000000000,0.1000000000,10.0000000000,50.0000000000
38.0000000000,75.0000000000,0.0000234877,50.0000000000,100.0000000000,0.1000000000,10.0000000000,50.0000000000
38.0000000000,76.0000000000,0.0000302693,50.0000000000,100.0000000000,0.1000000000,10.0000000000,50.0000000000
38.0000000000,77.0000000000,0.0000387633,50.0000000000,100.0000000000,0.1000000000,10.0000000000,50.0000000000
38.0000000000,78.0000000000,0.0000483325,50.0000000000,100.0000000000,0.1000000000,10.0000000000,50.0000000000
38.0000000000,79.0000000000,0.0000616974,50.0000000000,100.0000000000,0.1000000000,10.0000000000,50.0000000000
38.0000000000,80.0000000000,0.0000742965,50.0000000000,100.0000000000,0.1000000000,10.0000000000,50.0000000000
38.0000000000,81.0000000000,0.0000928546,50.0000000000,100.0000000000,0.1000000000,10.0000000000,50.0000000000
38.0000000000,82.0000000000,0.0001104845,50.0000000000,100.0000000000,0.1000000000,10.0000000000,50.0000000000
38.0000000000,83.0000000000,0.0001326267,50.0000000000,100.0000000000,0.1000000000,10.0000000000,50.0000000000
38.0000000000,84.0000000000,0.0001569043,50.0000000000,100.0000000000,0.1000000000,10.0000000000,50.0000000000
38.0000000000,85.0000000000,0.0001827631,50.0000000000,100.0000000000,0.1000000000,10.0000000000,50.0000000000
38.0000000000,86.0000000000,0.0002110081,50.0000000000,100.0000000000,0.1000000000,10.0000000000,50.0000000000
38.0000000000,87.0000000000,0.0002418116,50.0000000000,100.0000000000,0.1000000000,10.0000000000,50.0000000000
38.0000000000,88.0000000000,0.0002727982,50.0000000000,100.0000000000,0.1000000000,10.0000000000,50.0000000000
38.0000000000,89.0000000000,0.0003061727,50.0000000000,100.0000000000,0.1000000000,10.0000000000,50.0000000000
38.0000000000,90.0000000000,0.0003406236,50.0000000000,100.0000000000,0.1000000000,10.0000000000,50.0000000000
38.0000000000,91.0000000000,0.0003721239,50.0000000000,100.0000000000,0.1000000000,10.0000000000,50.0000000000
38.0000000000,92.0000000000,0.0004022435,50.0000000000,100.0000000000,0.1000000000,10.0000000000,50.0000000000
38.0000000000,93.0000000000,0.0004283662,50.0000000000,100.0000000000,0.1000000000,10.0000000000,50.0000000000
38.0000000000,94.0000000000,0.0004553713,50.0000000000,100.0000000000,0.1000000000,10.0000000000,50.0000000000
38.0000000000,95.0000000000,0.0004784003,50.0000000000,100.0000000000,0.1000000000,10.0000000000,50.0000000000
38.0000000000,96.0000000000,0.0004976909,50.0000000000,100.0000000000,0.1000000000,10.0000000000,50.0000000000
38.0000000000,97.0000000000,0.0005167849,50.0000000000,100.0000000000,0.1000000000,10.0000000000,50.0000000000
38.0000000000,98.0000000000,0.0005235679,50.0000000000,100.0000000000,0.1000000000,10.0000000000,50.0000000000
38.0000000000,99.0000000000,0.0005279901,50.0000000000,100.0000000000,0.1000000000,10.0000000000,50.0000000000
38.0000000000,100.0000000000,0.0005266653,50.0000000000,100.0000000000,0.1000000000,10.0000000000,50.0000000000
38.0000000000,101.0000000000,0.0005257063,50.0000000000,100.0000000000,0.1000000000,10.0000000000,50.0000000000
38.0000000000,102.0000000000,0.0005157896,50.0000000000,100.0000000000,0.1000000000,10.0000000000,50.0000000000
38.0000000000,103.0000000000,0.0005002434,50.0000000000,100.0000000000,0.1000000000,10.0000000000,50.0000000000
38.0000000000,104.0000000000,0.0004835555,50.0000000000,100.0000000000,0.1000000000,10.0000000000,50.0000000000
38.0000000000,105.0000000000,0.0004535129,50.0000000000,100.0000000000,0.1000000000,10.0000000000,50.0000000000
38.0000000000,106.0000000000,0.0004289843,50.0000000000,100.0000000000,0.1000000000,10.0000000000,50.0000000000
38.0000000000,107.0000000000,0.0004002105,50.0000000000,100.0000000000,0.1000000000,10.0000000000,50.0000000000
38.0000000000,108.0000000000,0.0003704332,50.0000000000,100.0000000000,0.1000000000,10.0000000000,50.0000000000
38.0000000000,109.0000000000,0.0003394857,50.0000000000,100.0000000000,0.1000000000,10.0000000000,50.0000000000
38.0000000000,110.0000000000,0.0003089490,50.0000000000,100.0000000000,0.1000000000,10.0000000000,50.0000000000
38.0000000000,111.0000000000,0.0002787310,50.0000000000,100.0000000000,0.1000000000,10.0000000000,50.0000000000
38.0000000000,112.0000000000,0.0002487407,50.0000000000,100.0000000000,0.1000000000,10.0000000000,50.0000000000
38.0000000000,113.0000000000,0.0002187410,50.0000000000,100.0000000000,0.1000000000,10.0000000000,50.0000000000
38.0000000000,114.0000000000,0.0001942213,50.0000000000,100.0000000000,0.1000000000,10.0000000000,50.0000000000
38.0000000000,115.0000000000,0.0001670235,50.0000000000,100.0000000000,0.1000000000,10.0000000000,50.0000000000
38.0000000000,116.0000000000,0.0001435836,50.0000000000,100.0000000000,0.1000000000,10.0000000000,50.0000000000
38.0000000000,117.0000000000,0.0001221021,50.0000000000,100.0000000000,0.1000000000,10.0000000000,50.0000000000
38.0000000000,118.0000000000,0.0001050344,50.0000000000,100.0000000000,0.1000000000,10.0000000000,50.0000000000
38.0000000000,119.0000000000,0.0000876835,50.0000000000,100.0000000000,0.1000000000,10.0000000000,50.0000000000
38.0000000000,120.0000000000,0.0000743490,50.0000000000,100.0000000000,0.1000000000,10.0000000000,50.0000000000
38.0000000000,121.0000000000,0.0000611803,50.0000000000,100.0000000000,0.1000000000,10.0000000000,50.0000000000
38.0000000000,122.0000000000,0.0000506420,50.0000000000,100.0000000000,0.1000000000,10.0000000000,50.0000000000
38.0000000000,123.0000000000,0.0000404164,50.0000000000,100.0000000000,0.1000000000,10.0000000000,50.0000000000
38.0000000000,124.0000000000,0.0000329867,50.0000000000,100.0000000000,0.1000000000,10.0000000000,50.0000000000
38.0000000000,125.0000000000,0.0000263458,50.0000000000,100.0000000000,0.1000000000,10.0000000000,50.0000000000
38.0000000000,126.0000000000,0.0000206807,50.0000000000,100.0000000000,0.1000000000,10.0000000000,50.0000000000
38.0000000000,127.0000000000,0.0000158152,50.0000000000,100.0000000000,0.1000000000,10.0000000000,50.0000000000
38.0000000000,128.0000000000,0.0000125092,50.0000000000,100.0000000000,0.1000000000,10.0000000000,50.0000000000
38.0000000000,129.0000000000,0.0000097915,50.0000000000,100.0000000000,0.1000000000,10.0000000000,50.0000000000
38.0000000000,130.0000000000,0.0000074735,50.0000000000,100.0000000000,0.1000000000,10.0000000000,50.0000000000
38.0000000000,131.0000000000,0.0000056253,50.0000000000,100.0000000000,0.1000000000,10.0000000000,50.0000000000
38.0000000000,132.0000000000,0.0000040871,50.0000000000,100.0000000000,0.1000000000,10.0000000000,50.0000000000
38.0000000000,133.0000000000,0.0000030594,50.0000000000,100.0000000000,0.1000000000,10.0000000000,50.0000000000
38.0000000000,134.0000000000,0.0000022682,50.0000000000,100.0000000000,0.1000000000,10.0000000000,50.0000000000
38.0000000000,135.0000000000,0.0000017993,50.0000000000,100.0000000000,0.1000000000,10.0000000000,50.0000000000
38.0000000000,136.0000000000,0.0000012753,50.0000000000,100.0000000000,0.1000000000,10.0000000000,50.0000000000
38.0000000000,137.0000000000,0.0000009090,50.0000000000,100.0000000000,0.1000000000,10.0000000000,50.0000000000
38.0000000000,138.0000000000,0.0000005570,50.0000000000,100.0000000000,0.1000000000,10.0000000000,50.0000000000
38.0000000000,139.0000000000,0.0000004745,50.0000000000,100.0000000000,0.1000000000,10.0000000000,50.0000000000
38.0000000000,140.0000000000,0.0000003204,50.0000000000,100.0000000000,0.1000000000,10.0000000000,50.0000000000
38.0000000000,141.0000000000,0.0000002690,50.0000000000,100.0000000000,0.1000000000,10.0000000000,50.0000000000
38.0000000000,142.0000000000,0.0000001756,50.0000000000,100.0000000000,0.1000000000,10.0000000000,50.0000000000
38.0000000000,143.0000000000,0.0000001399,50.0000000000,100.0000000000,0.1000000000,10.0000000000,50.0000000000
38.0000000000,144.0000000000,0.0000001052,50.0000000000,100.0000000000,0.1000000000,10.0000000000,50.0000000000
38.0000000000,145.0000000000,0.0000001133,50.0000000000,100.0000000000,0.1000000000,10.0000000000,50.0000000000
38.0000000000,146.0000000000,0.0000000661,50.0000000000,100.0000000000,0.1000000000,10.0000000000,50.0000000000
38.0000000000,147.0000000000,0.0000000303,50.0000000000,100.0000000000,0.1000000000,10.0000000000,50.0000000000
38.0000000000,148.0000000000,0.0000000214,50.0000000000,100.0000000000,0.1000000000,10.0000000000,50.0000000000
38.0000000000,149.0000000000,0.0000000071,50.0000000000,100.0000000000,0.1000000000,10.0000000000,50.0000000000
38.0000000000,150.0000000000,0.0000000104,50.0000000000,100.0000000000,0.1000000000,10.0000000000,50.0000000000
38.0000000000,151.0000000000,0.0000000178,50.0000000000,100.0000000000,0.1000000000,10.0000000000,50.0000000000
38.0000000000,152.0000000000,0.0000000004,50.0000000000,100.0000000000,0.1000000000,10.0000000000,50.0000000000
39.0000000000,53.0000000000,0.0000000049,50.0000000000,100.0000000000,0.1000000000,10.0000000000,50.0000000000
39.0000000000,54.0000000000,0.0000000005,50.0000000000,100.0000000000,0.1000000000,10.0000000000,50.0000000000
39.0000000000,55.0000000000,0.0000000071,50.0000000000,100.0000000000,0.1000000000,10.0000000000,50.0000000000
39.0000000000,56.0000000000,0.0000000083,50.0000000000,100.0000000000,0.1000000000,10.0000000000,50.0000000000
39.0000000000,57.0000000000,0.0000000614,50.0000000000,100.0000000000,0.1000000000,10.0000000000,50.0000000000
39.0000000000,58.0000000000,0.0000000677,50.0000000000,100.0000000000,0.1000000000,10.0000000000,50.0000000000
39.0000000000,59.0000000000,0.0000001807,50.0000000000,100.0000000000,0.1000000000,10.0000000000,50.0000000000
39.0000000000,60.0000000000,0.0000003037,50.0000000000,100.0000000000,0.1000000000,10.0000000000,50.0000000000
39.0000000000,61.0000000000,0.0000003414,50.0000000000,100.0000000000,0.1000000000,10.0000000000,50.0000000000
39.0000000000,62.0000000000,0.0000004792,50.0000000000,100.0000000000,0.1000000000,10.0000000000,50.0000000000
39.0000000000,63.0000000000,0.0000005839,50.0000000000,100.0000000000,0.1000000000,10.0000000000,50.0000000000
39.0000000000,64.0000000000,0.0000009595,50.0000000000,100.0000000000,0.1000000000,10.0000000000,50.0000000000
39.0000000000,65.0000000000,0.0000014735,50.0000000000,100.0000000000,0.1000000000,10.0000000000,50.0000000000
39.0000000000,66.0000000000,0.0000018055,50.0000000000,100.0000000000,0.1000000000,10.0000000000,50.0000000000
39.0000000000,67.0000000000,0.0000025624,50.0000000000,100.0000000000,0.1000000000,10.0000000000,50.0000000000
39.0000000000,68.0000000000,0.0000038418,50.0000000000,100.0000000000,0.1000000000,10.0000000000,50.0000000000
39.0000000000,69.0000000000,0.0000052774,50.0000000000,100.0000000000,0.1000000000,10.0000000000,50.0000000000
39.0000000000,70.0000000000,0.0000068626,50.0000000000,100.0000000000,0.1000000000,10.0000000000,50.0000000000
39.0000000000,71.0000000000,0.0000092889,50.0000000000,100.0000000000,0.1000000000,10.0000000000,50.0000000000
39.0000000000,72.0000000000,0.0000131704,50.0000000000,100.0000000000,0.1000000000,10.0000000000,50.0000000000
39.0000000000,73.0000000000,0.0000180449,50.0000000000,100.0000000000,0.1000000000,10.0000000000,50.0000000000
39.0000000000,74.0000000000,0.0000235571,50.0000000000,100.0000000000,0.1000000000,10.0000000000,50.0000000000
39.0000000000,75.0000000000,0.0000298326,50.0000000000,100.0000000000,0.1000000000,10.0000000000,50.0000000000
39.0000000000,76.0000000000,0.0000381133,50.0000000000,100.0000000000,0.1000000000,10.0000000000,50.0000000000
39.0000000000,77.0000000000,0.0000485447,50.0000000000,100.0000000000,0.1000000000,10.0000000000,50.0000000000
39.0000000000,78.0000000000,0.0000613550,50.0000000000,100.0000000000,0.1000000000,10.0000000000,50.0000000000
39.0000000000,79.0000000000,0.0000771223,50.0000000000,100.0000000000,0.1000000000,10.0000000000,50.0000000000
39.0000000000,80.0000000000,0.0000933773,50.0000000000,100.0000000000,0.1000000000,10.0000000000,50.0000000000
39.0000000000,81.0000000000,0.0001160651,50.0000000000,100.0000000000,0.1000000000,10.0000000000,50.0000000000
39.0000000000,82.0000000000,0.0001396389,50.0000000000,100.0000000000,0.1000000000,10.0000000000,50.0000000000
39.0000000000,83.0000000000,0.0001679367,50.0000000000,100.0000000000,0.1000000000,10.0000000000,50.0000000000
39.0000000000,84.0000000000,0.0001984531,50.0000000000,100.0000000000,0.1000000000,10.0000000000,50.0000000000
39.0000000000,85.0000000000,0.0002332328,50.0000000000,100.0000000000,0.1000000000,10.0000000000,50.0000000000
39.0000000000,86.0000000000,0.0002689936,50.0000000000,100.0000000000,0.1000000000,10.0000000000,50.0000000000
39.0000000000,87.0000000000,0.0003102717,50.0000000000,100.0000000000,0.1000000000,10.0000000000,50.0000000000
39.0000000000,88.0000000000,0.0003530697,50.0000000000,100.0000000000,0.1000000000,10.0000000000,50.0000000000
39.0000000000,89.0000000000,0.0003938190,50.0000000000,100.0000000000,0.1000000000,10.0000000000,50.0000000000
39.0000000000,90.0000000000,0.0004362135,50.0000000000,100.0000000000,0.1000000000,10.0000000000,50.0000000000
39.0000000000,91.0000000000,0.0004754885,50.0000000000,100.0000000000,0.1000000000,10.0000000000,50.0000000000
39.0000000000,92.0000000000,0.0005127581,50.0000000000,100.0000000000,0.1000000000,10.0000000000,50.0000000000
39.0000000000,93.0000000000,0.0005518256,50.0000000000,100.0000000000,0.1000000000,10.0000000000,50.0000000000
39.0000000000,94.0000000000,0.0005860328,50.0000000000,100.0000000000,0.1000000000,10.0000000000,50.0000000000
39.0000000000,95.0000000000,0.0006108298,50.0000000000,100.0000000000,0.1000000000,10.0000000000,50.0000000000
39.0000000000,96.0000000000,0.0006415633,50.0000000000,100.0000000000,0.1000000000,10.0000000000,50.0000000000
39.0000000000,97.0000000000,0.0006615563,50.0000000000,100.0000000000,0.1000000000,10.0000000000,50.0000000000
39.0000000000,98.0000000000,0.0006724977,50.0000000000,100.0000000000,0.1000000000,10.0000000000,50.0000000000
39.0000000000,99.0000000000,0.0006808663,50.0000000000,100.0000000000,0.1000000000,10.0000000000,50.0000000000
39.0000000000,100.0000000000,0.0006834903,50.0000000000,100.0000000000,0.1000000000,10.0000000000,50.0000000000
39.0000000000,101.0000000000,0.0006746537,50.0000000000,100.0000000000,0.1000000000,10.0000000000,50.0000000000
39.0000000000,102.0000000000,0.0006624204,50.0000000000,100.0000000000,0.1000000000,10.0000000000,50.0000000000
39.0000000000,103.0000000000,0.0006415995,50.0000000000,100.0000000000,0.1000000000,10.0000000000,50.0000000000
39.0000000000,104.0000000000,0.0006186233,50.0000000000,100.0000000000,0.1000000000,10.0000000000,50.0000000000
39.0000000000,105.0000000000,0.0005857354,50.0000000000,100.0000000000,0.1000000000,10.0000000000,50.0000000000
39.0000000000,106.0000000000,0.0005491619,50.0000000000,100.0000000000,0.1000000000,10.0000000000,50.0000000000
39.0000000000,107.0000000000,0.0005126089,50.0000000000,100.0000000000,0.1000000000,10.0000000000,50.0000000000
39.0000000000,108.0000000000,0.0004758543,50.0000000000,100.0000000000,0.1000000000,10.0000000000,50.0000000000
39.0000000000,109.0000000000,0.0004361764,50.0000000000,100.0000000000,0.1000000000,10.0000000000,50.0000000000
39.0000000000,110.0000000000,0.0003958286,50.0000000000,100.0000000000,0.1000000000,10.0000000000,50.0000000000
39.0000000000,111.0000000000,0.0003568394,50.0000000000,100.0000000000,0.1000000000,10.0000000000,50.0000000000
39.0000000000,112.0000000000,0.0003208585,50.0000000000,100.0000000000,0.1000000000,10.0000000000,50.0000000000
39.0000000000,113.0000000000,0.0002809476,50.0000000000,100.0000000000,0.1000000000,10.0000000000,50.0000000000
39.0000000000,114.0000000000,0.0002483157,50.0000000000,100.0000000000,0.1000000000,10.0000000000,50.0000000000
39.0000000000,115.0000000000,0.0002148754,50.0000000000,100.0000000000,0.1000000000,10.0000000000,50.0000000000
39.0000000000,116.0000000000,0.0001843168,50.0000000000,100.0000000000,0.1000000000,10.0000000000,50.0000000000
39.0000000000,117.0000000000,0.0001571101,50.0000000000,100.0000000000,0.1000000000,10.0000000000,50.0000000000
39.0000000000,118.0000000000,0.0001337364,50.0000000000,100.0000000000,0.1000000000,10.0000000000,50.0000000000
39.0000000000,119.0000000000,0.0001145394,50.0000000000,100.0000000000,0.1000000000,10.0000000000,50.0000000000
39.0000000000,120.0000000000,0.0000948975,50.0000000000,100.0000000000,0.1000000000,10.0000000000,50.0000000000
39.0000000000,121.0000000000,0.0000787133,50.0000000000,100.0000000000,0.1000000000,10.0000000000,50.0000000000
39.0000000000,122.0000000000,0.0000645759,50.0000000000,100.0000000000,0.1000000000,10.0000000000,50.0000000000
39.0000000000,123.0000000000,0.0000519731,50.0000000000,100.0000000000,0.1000000000,10.0000000000,50.0000000000
39.0000000000,124.0000000000,0.0000424293,50.0000000000,100.0000000000,0.1000000000,10.0000000000,50.0000000000
39.0000000000,125.0000000000,0.0000335016,50.0000000000,100.0000000000,0.1000000000,10.0000000000,50.0000000000
39.0000000000,126.0000000000,0.0000261893,50.0000000000,100.0000000000,0.1000000000,10.0000000000,50.0000000000
39.0000000000,127.0000000000,0.0000209124,50.0000000000,100.0000000000,0.1000000000,10.0000000000,50.0000000000
39.0000000000,128.0000000000,0.0000158348,50.0000000000,100.0000000000,0.1000000000,10.0000000000,50.0000000000
39.0000000000,129.0000000000,0.0000127667,50.0000000000,100.0000000000,0.1000000000,10.0000000000,50.0000000000
39.0000000000,130.0000000000,0.0000098112,50.0000000000,100.0000000000,0.1000000000,10.0000000000,50.0000000000
39.0000000000,131.0000000000,0.0000077410,50.0000000000,100.0000000000,0.1000000000,10.0000000000,50.0000000000
39.0000000000,132.0000000000,0.0000052859,50.0000000000,100.0000000000,0.1000000000,10.0000000000,50.0000000000
39.0000000000,133.0000000000,0.0000040081,50.0000000000,100.0000000000,0.1000000000,10.0000000000,50.0000000000
39.0000000000,134.0000000000,0.0000029805,50.0000000000,100.0000000000,0.1000000000,10.0000000000,50.0000000000
39.0000000000,135.0000000000,0.0000023159,50.0000000000,100.0000000000,0.1000000000,10.0000000000,50.0000000000
39.0000000000,136.0000000000,0.0000016152,50.0000000000,100.0000000000,0.1000000000,10.0000000000,50.0000000000
39.0000000000,137.0000000000,0.0000012844,50.0000000000,100.0000000000,0.1000000000,10.0000000000,50.0000000000
39.0000000000,138.0000000000,0.0000008913,50.0000000000,100.0000000000,0.1000000000,10.0000000000,50.0000000000
39.0000000000,139.0000000000,0.0000005511,50.0000000000,100.0000000000,0.1000000000,10.0000000000,50.0000000000
39.0000000000,140.0000000000,0.0000004760,50.0000000000,100.0000000000,0.1000000000,10.0000000000,50.0000000000
39.0000000000,141.0000000000,0.0000003673,50.0000000000,100.0000000000,0.1000000000,10.0000000000,50.0000000000
39.0000000000,142.0000000000,0.0000002082,50.0000000000,100.0000000000,0.1000000000,10.0000000000,50.0000000000
39.0000000000,143.0000000000,0.0000001927,50.0000000000,100.0000000000,0.1000000000,10.0000000000,50.0000000000
39.0000000000,144.0000000000,0.0000001839,50.0000000000,100.0000000000,0.1000000000,10.0000000000,50.0000000000
39.0000000000,145.0000000000,0.0000001351,50.0000000000,100.0000000000,0.1000000000,10.0000000000,50.0000000000
39.0000000000,146.0000000000,0.0000000780,50.0000000000,100.0000000000,0.1000000000,10.0000000000,50.0000000000
39.0000000000,147.0000000000,0.0000000577,50.0000000000,100.0000000000,0.1000000000,10.0000000000,50.0000000000
39.0000000000,148.0000000000,0.0000000278,50.0000000000,100.0000000000,0.1000000000,10.0000000000,50.0000000000
39.0000000000,149.0000000000,0.0000000065,50.0000000000,100.0000000000,0.1000000000,10.0000000000,50.0000000000
39.0000000000,150.0000000000,0.0000000214,50.0000000000,100.0000000000,0.1000000000,10.0000000000,50.0000000000
39.0000000000,151.0000000000,0.0000000090,50.0000000000,100.0000000000,0.1000000000,10.0000000000,50.0000000000
39.0000000000,152.0000000000,0.0000000025,50.0000000000,100.0000000000,0.1000000000,10.0000000000,50.0000000000
39.0000000000,156.0000000000,0.0000000007,50.0000000000,100.0000000000,0.1000000000,10.0000000000,50.0000000000
39.0000000000,157.0000000000,0.0000000003,50.0000000000,100.0000000000,0.1000000000,10.0000000000,50.0000000000
40.0000000000,53.0000000000,0.0000000008,50.0000000000,100.0000000000,0.1000000000,10.0000000000,50.0000000000
40.0000000000,54.0000000000,0.0000000032,50.0000000000,100.0000000000,0.1000000000,10.0000000000,50.0000000000
40.0000000000,55.0000000000,0.0000000068,50.0000000000,100.0000000000,0.1000000000,10.0000000000,50.0000000000
40.0000000000,56.0000000000,0.0000000340,50.0000000000,100.0000000000,0.1000000000,10.0000000000,50.0000000000
40.0000000000,57.0000000000,0.0000000344,50.0000000000,100.0000000000,0.1000000000,10.0000000000,50.0000000000
40.0000000000,58.0000000000,0.0000000805,50.0000000000,100.0000000000,0.1000000000,10.0000000000,50.0000000000
40.0000000000,59.0000000000,0.0000001647,50.0000000000,100.0000000000,0.1000000000,10.0000000000,50.0000000000
40.0000000000,60.0000000000,0.0000003379,50.0000000000,100.0000000000,0.1000000000,10.0000000000,50.0000000000
40.0000000000,61.0000000000,0.0000003720,50.0000000000,100.0000000000,0.1000000000,10.0000000000,50.0000000000
40.0000000000,62.0000000000,0.0000004239,50.0000000000,100.0000000000,0.1000000000,10.0000000000,50.0000000000
40.0000000000,63.0000000000,0.0000006240,50.0000000000,100.0000000000,0.1000000000,10.0000000000,50.0000000000
40.0000000000,64.0000000000,0.0000011128,50.0000000000,100.0000000000,0.1000000000,10.0000000000,50.0000000000
40.0000000000,65.0000000000,0.0000015121,50.0000000000,100.0000000000,0.1000000000,10.0000000000,50.0000000000
40.0000000000,66.0000000000,0.0000021839,50.0000000000,100.0000000000,0.1000000000,10.0000000000,50.0000000000
40.0000000000,67.0000000000,0.0000031769,50.0000000000,100.0000000000,0.1000000000,10.0000000000,50.0000000000
40.0000000000,68.0000000000,0.0000047332,50.0000000000,100.0000000000,0.1000000000,10.0000000000,50.0000000000
40.0000000000,69.0000000000,0.0000062674,50.0000000000,100.0000000000,0.1000000000,10.0000000000,50.0000000000
40.0000000000,70.0000000000,0.0000085103,50.0000000000,100.0000000000,0.1000000000,10.0000000000,50.0000000000
40.0000000000,71.0000000000,0.0000112716,50.0000000000,100.0000000000,0.1000000000,10.0000000000,50.0000000000
40.0000000000,72.0000000000,0.0000158403,50.0000000000,100.0000000000,0.1000000000,10.0000000000,50.0000000000
40.0000000000,73.0000000000,0.0000216474,50.0000000000,100.0000000000,0.1000000000,10.0000000000,50.0000000000
40.0000000000,74.0000000000,0.0000289763,50.0000000000,100.0000000000,0.1000000000,10.0000000000,50.0000000000
40.0000000000,75.0000000000,0.0000373991,50.0000000000,100.0000000000,0.1000000000,10.0000000000,50.0000000000
40.0000000000,76.0000000000,0.0000467504,50.0000000000,100.0000000000,0.1000000000,10.0000000000,50.0000000000
40.0000000000,77.0000000000,0.0000611013,50.0000000000,100.0000000000,0.1000000000,10.0000000000,50.0000000000
40.0000000000,78.0000000000,0.0000768398,50.0000000000,100.0000000000,0.1000000000,10.0000000000,50.0000000000
40.0000000000,79.0000000000,0.0000951643,50.0000000000,100.0000000000,0.1000000000,10.0000000000,50.0000000000
40.0000000000,80.0000000000,0.0001165342,50.0000000000,100.0000000000,0.1000000000,10.0000000000,50.0000000000
40.0000000000,81.0000000000,0.0001446360,50.0000000000,100.0000000000,0.1000000000,10.0000000000,50.0000000000
40.0000000000,82.0000000000,0.0001755310,50.0000000000,100.0000000000,0.1000000000,10.0000000000,50.0000000000
40.0000000000,83.0000000000,0.0002082067,50.0000000000,100.0000000000,0.1000000000,10.0000000000,50.0000000000
40.0000000000,84.0000000000,0.0002472710,50.0000000000,100.0000000000,0.1000000000,10.0000000000,50.0000000000
40.0000000000,85.0000000000,0.0002909082,50.0000000000,100.0000000000,0.1000000000,10.0000000000,50.0000000000
40.0000000000,86.0000000000,0.0003359464,50.0000000000,100.0000000000,0.1000000000,10.0000000000,50.0000000000
40.0000000000,87.0000000000,0.0003891361,50.0000000000,100.0000000000,0.1000000000,10.0000000000,50.0000000000
40.0000000000,88.0000000000,0.0004401624,50.0000000000,100.0000000000,0.1000000000,10.0000000000,50.0000000000
40.0000000000,89.0000000000,0.0004904712,50.0000000000,100.0000000000,0.1000000000,10.0000000000,50.0000000000
40.0000000000,90.0000000000,0.0005431875,50.0000000000,100.0000000000,0.1000000000,10.0000000000,50.0000000000
40.0000000000,91.0000000000,0.0005918145,50.0000000000,100.0000000000,0.1000000000,10.0000000000,50.0000000000
40.0000000000,92.0000000000,0.0006415993,50.0000000000,100.0000000000,0.1000000000,10.0000000000,50.0000000000
40.0000000000,93.0000000000,0.0006863197,50.0000000000,100.0000000000,0.1000000000,10.0000000000,50.0000000000
40.0000000000,94.0000000000,0.0007319136,50.0000000000,100.0000000000,0.1000000000,10.0000000000,50.0000000000
40.0000000000,95.0000000000,0.0007648501,50.0000000000,100.0000000000,0.1000000000,10.0000000000,50.0000000000
40.0000000000,96.0000000000,0.0007994974,50.0000000000,100.0000000000,0.1000000000,10.0000000000,50.0000000000
40.0000000000,97.0000000000,0.0008271107,50.0000000000,100.0000000000,0.1000000000,10.0000000000,50.0000000000
40.0000000000,98.0000000000,0.0008426861,50.0000000000,100.0000000000,0.1000000000,10.0000000000,50.0000000000
40.0000000000,99.0000000000,0.0008495402,50.0000000000,100.0000000000,0.1000000000,10.0000000000,50.0000000000
40.0000000000,100.0000000000,0.0008515990,50.0000000000,100.0000000000,0.1000000000,10.0000000000,50.0000000000
40.0000000000,101.0000000000,0.0008442878,50.0000000000,100.0000000000,0.1000000000,10.0000000000,50.0000000000
40.0000000000,102.0000000000,0.0008298826,50.0000000000,100.0000000000,0.1000000000,10.0000000000,50.0000000000
40.0000000000,103.0000000000,0.0008043835,50.0000000000,100.0000000000,0.1000000000,10.0000000000,50.0000000000
40.0000000000,104.0000000000,0.0007709375,50.0000000000,100.0000000000,0.1000000000,10.0000000000,50.0000000000
40.0000000000,105.0000000000,0.0007339922,50.0000000000,100.0000000000,0.1000000000,10.0000000000,50.0000000000
40.0000000000,106.0000000000,0.0006897474,50.0000000000,100.0000000000,0.1000000000,10.0000000000,50.0000000000
40.0000000000,107.0000000000,0.0006434897,50.0000000000,100.0000000000,0.1000000000,10.0000000000,50.0000000000
40.0000000000,108.0000000000,0.0005964903,50.0000000000,100.0000000000,0.1000000000,10.0000000000,50.0000000000
40.0000000000,109.0000000000,0.0005439369,50.0000000000,100.0000000000,0.1000000000,10.0000000000,50.0000000000
40.0000000000,110.0000000000,0.0004943569,50.0000000000,100.0000000000,0.1000000000,10.0000000000,50.0000000000
40.0000000000,111.0000000000,0.0004440765,50.0000000000,100.0000000000,0.1000000000,10.0000000000,50.0000000000
40.0000000000,112.0000000000,0.0003986702,50.0000000000,100.0000000000,0.1000000000,10.0000000000,50.0000000000
40.0000000000,113.0000000000,0.0003508783,50.0000000000,100.0000000000,0.1000000000,10.0000000000,50.0000000000
40.0000000000,114.0000000000,0.0003114012,50.0000000000,100.0000000000,0.1000000000,10.0000000000,50.0000000000
40.0000000000,115.0000000000,0.0002698675,50.0000000000,100.0000000000,0.1000000000,10.0000000000,50.0000000000
40.0000000000,116.0000000000,0.0002304093,50.0000000000,100.0000000000,0.1000000000,10.0000000000,50.0000000000
40.0000000000,117.0000000000,0.0001971887,50.0000000000,100.0000000000,0.1000000000,10.0000000000,50.0000000000
40.0000000000,118.0000000000,0.0001685266,50.0000000000,100.0000000000,0.1000000000,10.0000000000,50.0000000000
40.0000000000,119.0000000000,0.0001431563,50.0000000000,100.0000000000,0.1000000000,10.0000000000,50.0000000000
40.0000000000,120.0000000000,0.0001177146,50.0000000000,100.0000000000,0.1000000000,10.0000000000,50.0000000000
40.0000000000,121.0000000000,0.0000963285,50.0000000000,100.0000000000,0.1000000000,10.0000000000,50.0000000000
40.0000000000,122.0000000000,0.0000801505,50.0000000000,100.0000000000,0.1000000000,10.0000000000,50.0000000000
40.0000000000,123.0000000000,0.0000642328,50.0000000000,100.0000000000,0.1000000000,10.0000000000,50.0000000000
40.0000000000,124.0000000000,0.0000525420,50.0000000000,100.0000000000,0.1000000000,10.0000000000,50.0000000000
40.0000000000,125.0000000000,0.0000414416,50.0000000000,100.0000000000,0.1000000000,10.0000000000,50.0000000000
40.0000000000,126.0000000000,0.0000321843,50.0000000000,100.0000000000,0.1000000000,10.0000000000,50.0000000000
40.0000000000,127.0000000000,0.0000258302,50.0000000000,100.0000000000,0.1000000000,10.0000000000,50.0000000000
40.0000000000,128.0000000000,0.0000202799,50.0000000000,100.0000000000,0.1000000000,10.0000000000,50.0000000000
40.0000000000,129.0000000000,0.0000157480,50.0000000000,100.0000000000,0.1000000000,10.0000000000,50.0000000000
40.0000000000,130.0000000000,0.0000118523,50.0000000000,100.0000000000,0.1000000000,10.0000000000,50.0000000000
40.0000000000,131.0000000000,0.0000098232,50.0000000000,100.0000000000,0.1000000000,10.0000000000,50.0000000000
40.0000000000,132.0000000000,0.0000064811,50.0000000000,100.0000000000,0.1000000000,10.0000000000,50.0000000000
40.0000000000,133.0000000000,0.0000051837,50.0000000000,100.0000000000,0.1000000000,10.0000000000,50.0000000000
40.0000000000,134.0000000000,0.0000037796,50.0000000000,100.0000000000,0.1000000000,10.0000000000,50.0000000000
40.0000000000,135.0000000000,0.0000028475,50.0000000000,100.0000000000,0.1000000000,10.0000000000,50.0000000000
40.0000000000,136.0000000000,0.0000019816,50.0000000000,100.0000000000,0.1000000000,10.0000000000,50.0000000000
40.0000000000,137.0000000000,0.0000015197,50.0000000000,100.0000000000,0.1000000000,10.0000000000,50.0000000000
40.0000000000,138.0000000000,0.0000011752,50.0000000000,100.0000000000,0.1000000000,10.0000000000,50.0000000000
40.0000000000,139.0000000000,0.0000007302,50.0000000000,100.0000000000,0.1000000000,10.0000000000,50.0000000000
40.0000000000,140.0000000000,0.0000006246,50.0000000000,100.0000000000,0.1000000000,10.0000000000,50.0000000000
40.0000000000,141.0000000000,0.0000004710,50.0000000000,100.0000000000,0.1000000000,10.0000000000,50.0000000000
40.0000000000,142.0000000000,0.0000003382,50.0000000000,100.0000000000,0.1000000000,10.0000000000,50.0000000000
40.0000000000,143.0000000000,0.0000002358,50.0000000000,100.0000000000,0.1000000000,10.0000000000,50.0000000000
40.0000000000,144.0000000000,0.0000002693,50.0000000000,100.0000000000,0.1000000000,10.0000000000,50.0000000000
40.0000000000,145.0000000000,0.0000001589,50.0000000000,100.0000000000,0.1000000000,10.0000000000,50.0000000000
40.0000000000,146.0000000000,0.0000001156,50.0000000000,100.0000000000,0.1000000000,10.0000000000,50.0000000000
40.0000000000,147.0000000000,0.0000000721,50.0000000000,100.0000000000,0.1000000000,10.0000000000,50.0000000000
40.0000000000,148.0000000000,0.0000000229,50.0000000000,100.0000000000,0.1000000000,10.0000000000,50.0000000000
40.0000000000,149.0000000000,0.0000000117,50.0000000000,100.0000000000,0.1000000000,10.0000000000,50.0000000000
40.0000000000,150.0000000000,0.0000000257,50.0000000000,100.0000000000,0.1000000000,10.0000000000,50.0000000000
40.0000000000,151.0000000000,0.0000000061,50.0000000000,100.0000000000,0.1000000000,10.0000000000,50.0000000000
40.0000000000,152.0000000000,0.0000000028,50.0000000000,100.0000000000,0.1000000000,10.0000000000,50.0000000000
40.0000000000,153.0000000000,0.0000000084,50.0000000000,100.0000000000,0.1000000000,10.0000000000,50.0000000000
40.0000000000,155.0000000000,0.0000000029,50.0000000000,100.0000000000,0.1000000000,10.0000000000,50.0000000000
40.0000000000,156.0000000000,0.0000000001,50.0000000000,100.0000000000,0.1000000000,10.0000000000,50.0000000000
40.0000000000,157.0000000000,0.0000000039,50.0000000000,100.0000000000,0.1000000000,10.0000000000,50.0000000000
41.0000000000,53.0000000000,0.0000000008,50.0000000000,100.0000000000,0.1000000000,10.0000000000,50.0000000000
41.0000000000,54.0000000000,0.0000000107,50.0000000000,100.0000000000,0.1000000000,10.0000000000,50.0000000000
41.0000000000,55.0000000000,0.0000000070,50.0000000000,100.0000000000,0.1000000000,10.0000000000,50.0000000000
41.0000000000,56.0000000000,0.0000000457,50.0000000000,100.0000000000,0.1000000000,10.0000000000,50.0000000000
41.0000000000,57.0000000000,0.0000000445,50.0000000000,100.0000000000,0.1000000000,10.0000000000,50.0000000000
41.0000000000,58.0000000000,0.0000001334,50.0000000000,100.0000000000,0.1000000000,10.0000000000,50.0000000000
41.0000000000,59.0000000000,0.0000002094,50.0000000000,100.0000000000,0.1000000000,10.0000000000,50.0000000000
41.0000000000,60.0000000000,0.0000003872,50.0000000000,100.0000000000,0.1000000000,10.0000000000,50.0000000000
41.0000000000,61.0000000000,0.0000003535,50.0000000000,100.0000000000,0.1000000000,10.0000000000,50.0000000000
41.0000000000,62.0000000000,0.0000005630,50.0000000000,100.0000000000,0.1000000000,10.0000000000,50.0000000000
41.0000000000,63.0000000000,0.0000007264,50.0000000000,100.0000000000,0.1000000000,10.0000000000,50.0000000000
41.0000000000,64.0000000000,0.0000012340,50.0000000000,100.0000000000,0.1000000000,10.0000000000,50.0000000000
41.0000000000,65.0000000000,0.0000017965,50.0000000000,100.0000000000,0.1000000000,10.0000000000,50.0000000000
41.0000000000,66.0000000000,0.0000026691,50.0000000000,100.0000000000,0.1000000000,10.0000000000,50.0000000000
41.0000000000,67.0000000000,0.0000036640,50.0000000000,100.0000000000,0.1000000000,10.0000000000,50.0000000000
41.0000000000,68.0000000000,0.0000052570,50.0000000000,100.0000000000,0.1000000000,10.0000000000,50.0000000000
41.0000000000,69.0000000000,0.0000071225,50.0000000000,100.0000000000,0.1000000000,10.0000000000,50.0000000000
41.0000000000,70.0000000000,0.0000104403,50.0000000000,100.0000000000,0.1000000000,10.0000000000,50.0000000000
41.0000000000,71.0000000000,0.0000137591,50.0000000000,100.0000000000,0.1000000000,10.0000000000,50.0000000000
41.0000000000,72.0000000000,0.0000194167,50.0000000000,100.0000000000,0.1000000000,10.0000000000,50.0000000000
41.0000000000,73.0000000000,0.0000262269,50.0000000000,100.0000000000,0.1000000000,10.0000000000,50.0000000000
41.0000000000,74.0000000000,0.0000350265,50.0000000000,100.0000000000,0.1000000000,10.0000000000,50.0000000000
41.0000000000,75.0000000000,0.0000457593,50.0000000000,100.0000000000,0.1000000000,10.0000000000,50.0000000000
41.0000000000,76.0000000000,0.0000564911,50.0000000000,100.0000000000,0.1000000000,10.0000000000,50.0000000000
41.0000000000,77.0000000000,0.0000726590,50.0000000000,100.0000000000,0.1000000000,10.0000000000,50.0000000000
41.0000000000,78.0000000000,0.0000917288,50.0000000000,100.0000000000,0.1000000000,10.0000000000,50.0000000000
41.0000000000,79.0000000000,0.0001164207,50.0000000000,100.0000000000,0.1000000000,10.0000000000,50.0000000000
41.0000000000,80.0000000000,0.0001424786,50.0000000000,100.0000000000,0.1000000000,10.0000000000,50.0000000000
41.0000000000,81.0000000000,0.0001763044,50.0000000000,100.0000000000,0.1000000000,10.0000000000,50.0000000000
41.0000000000,82.0000000000,0.0002130219,50.0000000000,100.0000000000,0.1000000000,10.0000000000,50.0000000000
41.0000000000,83.0000000000,0.0002557028,50.0000000000,100.0000000000,0.1000000000,10.0000000000,50.0000000000
41.0000000000,84.0000000000,0.0003013043,50.0000000000,100.0000000000,0.1000000000,10.0000000000,50.0000000000
41.0000000000,85.0000000000,0.0003531256,50.0000000000,100.0000000000,0.1000000000,10.0000000000,50.0000000000
41.0000000000,86.0000000000,0.0004079782,50.0000000000,100.0000000000,0.1000000000,10.0000000000,50.0000000000
41.0000000000,87.0000000000,0.0004691010,50.0000000000,100.0000000000,0.1000000000,10.0000000000,50.0000000000
41.0000000000,88.0000000000,0.0005332953,50.0000000000,100.0000000000,0.1000000000,10.0000000000,50.0000000000
41.0000000000,89.0000000000,0.0005960392,50.0000000000,100.0000000000,0.1000000000,10.0000000000,50.0000000000
41.0000000000,90.0000000000,0.0006619321,50.0000000000,100.0000000000,0.1000000000,10.0000000000,50.0000000000
41.0000000000,91.0000000000,0.0007235695,50.0000000000,100.0000000000,0.1000000000,10.0000000000,50.0000000000
41.0000000000,92.0000000000,0.0007850442,50.0000000000,100.0000000000,0.1000000000,10.0000000000,50.0000000000
41.0000000000,93.0000000000,0.0008392967,50.0000000000,100.0000000000,0.1000000000,10.0000000000,50.0000000000
41.0000000000,94.0000000000,0.0008936315,50.0000000000,100.0000000000,0.1000000000,10.0000000000,50.0000000000
41.0000000000,95.0000000000,0.0009398860,50.0000000000,100.0000000000,0.1000000000,10.0000000000,50.0000000000
41.0000000000,96.0000000000,0.0009822195,50.0000000000,100.0000000000,0.1000000000,10.0000000000,50.0000000000
41.0000000000,97.0000000000,0.0010090423,50.0000000000,100.0000000000,0.1000000000,10.0000000000,50.0000000000
41.0000000000,98.0000000000,0.0010293076,50.0000000000,100.0000000000,0.1000000000,10.0000000000,50.0000000000
41.0000000000,99.0000000000,0.0010385135,50.0000000000,100.0000000000,0.1000000000,10.0000000000,50.0000000000
41.0000000000,100.0000000000,0.0010410955,50.0000000000,100.0000000000,0.1000000000,10.0000000000,50.0000000000
41.0000000000,101.0000000000,0.0010310583,50.0000000000,100.0000000000,0.1000000000,10.0000000000,50.0000000000
41.0000000000,102.0000000000,0.0010097987,50.0000000000,100.0000000000,0.1000000000,10.0000000000,50.0000000000
41.0000000000,103.0000000000,0.0009830921,50.0000000000,100.0000000000,0.1000000000,10.0000000000,50.0000000000
41.0000000000,104.0000000000,0.0009404134,50.0000000000,100.0000000000,0.1000000000,10.0000000000,50.0000000000
41.0000000000,105.0000000000,0.0008962844,50.0000000000,100.0000000000,0.1000000000,10.0000000000,50.0000000000
41.0000000000,106.0000000000,0.0008424254,50.0000000000,100.0000000000,0.1000000000,10.0000000000,50.0000000000
41.0000000000,107.0000000000,0.0007852930,50.0000000000,100.0000000000,0.1000000000,10.0000000000,50.0000000000
41.0000000000,108.0000000000,0.0007272813,50.0000000000,100.0000000000,0.1000000000,10.0000000000,50.0000000000
41.0000000000,109.0000000000,0.0006650292,50.0000000000,100.0000000000,0.1000000000,10.0000000000,50.0000000000
41.0000000000,110.0000000000,0.0006019966,50.0000000000,100.0000000000,0.1000000000,10.0000000000,50.0000000000
41.0000000000,111.0000000000,0.0005451132,50.0000000000,100.0000000000,0.1000000000,10.0000000000,50.0000000000
41.0000000000,112.0000000000,0.0004853298,50.0000000000,100.0000000000,0.1000000000,10.0000000000,50.0000000000
41.0000000000,113.0000000000,0.0004310673,50.0000000000,100.0000000000,0.1000000000,10.0000000000,50.0000000000
41.0000000000,114.0000000000,0.0003775434,50.0000000000,100.0000000000,0.1000000000,10.0000000000,50.0000000000
41.0000000000,115.0000000000,0.0003275283,50.0000000000,100.0000000000,0.1000000000,10.0000000000,50.0000000000
41.0000000000,116.0000000000,0.0002827065,50.0000000000,100.0000000000,0.1000000000,10.0000000000,50.0000000000
41.0000000000,117.0000000000,0.0002419242,50.0000000000,100.0000000000,0.1000000000,10.0000000000,50.0000000000
41.0000000000,118.0000000000,0.0002073370,50.0000000000,100.0000000000,0.1000000000,10.0000000000,50.0000000000
41.0000000000,119.0000000000,0.0001734667,50.0000000000,100.0000000000,0.1000000000,10.0000000000,50.0000000000
41.0000000000,120.0000000000,0.0001444108,50.0000000000,100.0000000000,0.1000000000,10.0000000000,50.0000000000
41.0000000000,121.0000000000,0.0001184571,50.0000000000,100.0000000000,0.1000000000,10.0000000000,50.0000000000
41.0000000000,122.0000000000,0.0000978508,50.0000000000,100.0000000000,0.1000000000,10.0000000000,50.0000000000
41.0000000000,123.0000000000,0.0000779067,50.0000000000,100.0000000000,0.1000000000,10.0000000000,50.0000000000
41.0000000000,124.0000000000,0.0000624014,50.0000000000,100.0000000000,0.1000000000,10.0000000000,50.0000000000
41.0000000000,125.0000000000,0.0000500657,50.0000000000,100.0000000000,0.1000000000,10.0000000000,50.0000000000
41.0000000000,126.0000000000,0.0000393795,50.0000000000,100.0000000000,0.1000000000,10.0000000000,50.0000000000
41.0000000000,127.0000000000,0.0000318337,50.0000000000,100.0000000000,0.1000000000,10.0000000000,50.0000000000
41.0000000000,128.0000000000,0.0000252220,50.0000000000,100.0000000000,0.1000000000,10.0000000000,50.0000000000
41.0000000000,129.0000000000,0.0000194010,50.0000000000,100.0000000000,0.1000000000,10.0000000000,50.0000000000
41.0000000000,130.0000000000,0.0000145661,50.0000000000,100.0000000000,0.1000000000,10.0000000000,50.0000000000
41.0000000000,131.0000000000,0.0000115129,50.0000000000,100.0000000000,0.1000000000,10.0000000000,50.0000000000
41.0000000000,132.0000000000,0.0000081890,50.0000000000,100.0000000000,0.1000000000,10.0000000000,50.0000000000
41.0000000000,133.0000000000,0.0000062611,50.0000000000,100.0000000000,0.1000000000,10.0000000000,50.0000000000
41.0000000000,134.0000000000,0.0000044936,50.0000000000,100.0000000000,0.1000000000,10.0000000000,50.0000000000
41.0000000000,135.0000000000,0.0000035801,50.0000000000,100.0000000000,0.1000000000,10.0000000000,50.0000000000
41.0000000000,136.0000000000,0.0000026651,50.0000000000,100.0000000000,0.1000000000,10.0000000000,50.0000000000
41.0000000000,137.0000000000,0.0000018943,50.0000000000,100.0000000000,0.1000000000,10.0000000000,50.0000000000
41.0000000000,138.0000000000,0.0000014337,50.0000000000,100.0000000000,0.1000000000,10.0000000000,50.0000000000
41.0000000000,139.0000000000,0.0000009156,50.0000000000,100.0000000000,0.1000000000,10.0000000000,50.0000000000
41.0000000000,140.0000000000,0.0000007550,50.0000000000,100.0000000000,0.1000000000,10.0000000000,50.0000000000
41.0000000000,141.0000000000,0.0000005307,50.0000000000,100.0000000000,0.1000000000,10.0000000000,50.0000000000
41.0000000000,142.0000000000,0.0000003916,50.0000000000,100.0000000000,0.1000000000,10.0000000000,50.0000000000
41.0000000000,143.0000000000,0.0000002843,50.0000000000,100.0000000000,0.1000000000,10.0000000000,50.0000000000
41.0000000000,144.0000000000,0.0000003017,50.0000000000,100.0000000000,0.1000000000,10.0000000000,50.0000000000
41.0000000000,145.0000000000,0.0000002204,50.0000000000,100.0000000000,0.1000000000,10.0000000000,50.0000000000
41.0000000000,146.0000000000,0.0000001420,50.0000000000,100.0000000000,0.1000000000,10.0000000000,50.0000000000
41.0000000000,147.0000000000,0.0000000585,50.0000000000,100.0000000000,0.1000000000,10.0000000000,50.0000000000
41.0000000000,148.0000000000,0.0000000319,50.0000000000,100.0000000000,0.1000000000,10.0000000000,50.0000000000
41.0000000000,149.0000000000,0.0000000116,50.0000000000,100.0000000000,0.1000000000,10.0000000000,50.0000000000
41.0000000000,150.0000000000,0.0000000223,50.0000000000,100.0000000000,0.1000000000,10.0000000000,50.0000000000
41.0000000000,151.0000000000,0.0000000184,50.0000000000,100.0000000000,0.1000000000,10.0000000000,50.0000000000
41.0000000000,152.0000000000,0.0000000040,50.0000000000,100.0000000000,0.1000000000,10.0000000000,50.0000000000
41.0000000000,153.0000000000,0.0000000039,50.0000000000,100.0000000000,0.1000000000,10.0000000000,50.0000000000
41.0000000000,154.0000000000,0.0000000049,50.0000000000,100.0000000000,0.1000000000,10.0000000000,50.0000000000
41.0000000000,155.0000000000,0.0000000034,50.0000000000,100.0000000000,0.1000000000,10.0000000000,50.0000000000
41.0000000000,156.0000000000,0.0000000004,50.0000000000,100.0000000000,0.1000000000,10.0000000000,50.0000000000
41.0000000000,157.0000000000,0.0000000001,50.0000000000,100.0000000000,0.1000000000,10.0000000000,50.0000000000
42.0000000000,54.0000000000,0.0000000278,50.0000000000,100.0000000000,0.1000000000,10.0000000000,50.0000000000
42.0000000000,55.0000000000,0.0000000058,50.0000000000,100.0000000000,0.1000000000,10.0000000000,50.0000000000
42.0000000000,56.0000000000,0.0000000412,50.0000000000,100.0000000000,0.1000000000,10.0000000000,50.0000000000
42.0000000000,57.0000000000,0.0000000474,50.0000000000,100.0000000000,0.1000000000,10.0000000000,50.0000000000
42.0000000000,58.0000000000,0.0000001201,50.0000000000,100.0000000000,0.1000000000,10.0000000000,50.0000000000
42.0000000000,59.0000000000,0.0000002024,50.0000000000,100.0000000000,0.1000000000,10.0000000000,50.0000000000
42.0000000000,60.0000000000,0.0000003414,50.0000000000,100.0000000000,0.1000000000,10.0000000000,50.0000000000
42.0000000000,61.0000000000,0.0000003365,50.0000000000,100.0000000000,0.1000000000,10.0000000000,50.0000000000
42.0000000000,62.0000000000,0.0000005110,50.0000000000,100.0000000000,0.1000000000,10.0000000000,50.0000000000
42.0000000000,63.0000000000,0.0000008176,50.0000000000,100.0000000000,0.1000000000,10.0000000000,50.0000000000
42.0000000000,64.0000000000,0.0000014157,50.0000000000,100.0000000000,0.1000000000,10.0000000000,50.0000000000
42.0000000000,65.0000000000,0.0000020258,50.0000000000,100.0000000000,0.1000000000,10.0000000000,50.0000000000
42.0000000000,66.0000000000,0.0000030799,50.0000000000,100.0000000000,0.1000000000,10.0000000000,50.0000000000
42.0000000000,67.0000000000,0.0000040959,50.0000000000,100.0000000000,0.1000000000,10.0000000000,50.0000000000
42.0000000000,68.0000000000,0.0000060350,50.0000000000,100.0000000000,0.1000000000,10.0000000000,50.0000000000
42.0000000000,69.0000000000,0.0000083719,50.0000000000,100.0000000000,0.1000000000,10.0000000000,50.0000000000
42.0000000000,70.0000000000,0.0000123143,50.0000000000,100.0000000000,0.1000000000,10.0000000000,50.0000000000
42.0000000000,71.0000000000,0.0000156716,50.0000000000,100.0000000000,0.1000000000,10.0000000000,50.0000000000
42.0000000000,72.0000000000,0.0000223735,50.0000000000,100.0000000000,0.1000000000,10.0000000000,50.0000000000
42.0000000000,73.0000000000,0.0000301873,50.0000000000,100.0000000000,0.1000000000,10.0000000000,50.0000000000
42.0000000000,74.0000000000,0.0000410985,50.0000000000,100.0000000000,0.1000000000,10.0000000000,50.0000000000
42.0000000000,75.0000000000,0.0000528944,50.0000000000,100.0000000000,0.1000000000,10.0000000000,50.0000000000
42.0000000000,76.0000000000,0.0000668574,50.0000000000,100.0000000000,0.1000000000,10.0000000000,50.0000000000
42.0000000000,77.0000000000,0.0000878788,50.0000000000,100.0000000000,0.1000000000,10.0000000000,50.0000000000
42.0000000000,78.0000000000,0.0001096062,50.0000000000,100.0000000000,0.1000000000,10.0000000000,50.0000000000
42.0000000000,79.0000000000,0.0001371284,50.0000000000,100.0000000000,0.1000000000,10.0000000000,50.0000000000
42.0000000000,80.0000000000,0.0001701273,50.0000000000,100.0000000000,0.1000000000,10.0000000000,50.0000000000
42.0000000000,81.0000000000,0.0002079402,50.0000000000,100.0000000000,0.1000000000,10.0000000000,50.0000000000
42.0000000000,82.0000000000,0.0002511587,50.0000000000,100.0000000000,0.1000000000,10.0000000000,50.0000000000
42.0000000000,83.0000000000,0.0003010827,50.0000000000,100.0000000000,0.1000000000,10.0000000000,50.0000000000
42.0000000000,84.0000000000,0.0003553141,50.0000000000,100.0000000000,0.1000000000,10.0000000000,50.0000000000
42.0000000000,85.0000000000,0.0004186832,50.0000000000,100.0000000000,0.1000000000,10.0000000000,50.0000000000
42.0000000000,86.0000000000,0.0004848627,50.0000000000,100.0000000000,0.1000000000,10.0000000000,50.0000000000
42.0000000000,87.0000000000,0.0005567810,50.0000000000,100.0000000000,0.1000000000,10.0000000000,50.0000000000
42.0000000000,88.0000000000,0.0006339872,50.0000000000,100.0000000000,0.1000000000,10.0000000000,50.0000000000
42.0000000000,89.0000000000,0.0007092910,50.0000000000,100.0000000000,0.1000000000,10.0000000000,50.0000000000
42.0000000000,90.0000000000,0.0007865005,50.0000000000,100.0000000000,0.1000000000,10.0000000000,50.0000000000
42.0000000000,91.0000000000,0.0008611078,50.0000000000,100.0000000000,0.1000000000,10.0000000000,50.0000000000
42.0000000000,92.0000000000,0.0009343630,50.0000000000,100.0000000000,0.1000000000,10.0000000000,50.0000000000
42.0000000000,93.0000000000,0.0010009253,50.0000000000,100.0000000000,0.1000000000,10.0000000000,50.0000000000
42.0000000000,94.0000000000,0.0010598859,50.0000000000,100.0000000000,0.1000000000,10.0000000000,50.0000000000
42.0000000000,95.0000000000,0.0011156358,50.0000000000,100.0000000000,0.1000000000,10.0000000000,50.0000000000
42.0000000000,96.0000000000,0.0011667460,50.0000000000,100.0000000000,0.1000000000,10.0000000000,50.0000000000
42.0000000000,97.0000000000,0.0011975146,50.0000000000,100.0000000000,0.1000000000,10.0000000000,50.0000000000
42.0000000000,98.0000000000,0.0012229031,50.0000000000,100.0000000000,0.1000000000,10.0000000000,50.0000000000
42.0000000000,99.0000000000,0.0012342734,50.0000000000,100.0000000000,0.1000000000,10.0000000000,50.0000000000
42.0000000000,100.0000000000,0.0012368235,50.0000000000,100.0000000000,0.1000000000,10.0000000000,50.0000000000
42.0000000000,101.0000000000,0.0012247855,50.0000000000,100.0000000000,0.1000000000,10.0000000000,50.0000000000
42.0000000000,102.0000000000,0.0011996818,50.0000000000,100.0000000000,0.1000000000,10.0000000000,50.0000000000
42.0000000000,103.0000000000,0.0011656729,50.0000000000,100.0000000000,0.1000000000,10.0000000000,50.0000000000
42.0000000000,104.0000000000,0.0011173206,50.0000000000,100.0000000000,0.1000000000,10.0000000000,50.0000000000
42.0000000000,105.0000000000,0.0010644425,50.0000000000,100.0000000000,0.1000000000,10.0000000000,50.0000000000
42.0000000000,106.0000000000,0.0010037280,50.0000000000,100.0000000000,0.1000000000,10.0000000000,50.0000000000
42.0000000000,107.0000000000,0.0009342505,50.0000000000,100.0000000000,0.1000000000,10.0000000000,50.0000000000
42.0000000000,108.0000000000,0.0008640345,50.0000000000,100.0000000000,0.1000000000,10.0000000000,50.0000000000
42.0000000000,109.0000000000,0.0007876889,50.0000000000,100.0000000000,0.1000000000,10.0000000000,50.0000000000
42.0000000000,110.0000000000,0.0007170929,50.0000000000,100.0000000000,0.1000000000,10.0000000000,50.0000000000
42.0000000000,111.0000000000,0.0006510745,50.0000000000,100.0000000000,0.1000000000,10.0000000000,50.0000000000
42.0000000000,112.0000000000,0.0005785313,50.0000000000,100.0000000000,0.1000000000,10.0000000000,50.0000000000
42.0000000000,113.0000000000,0.0005130706,50.0000000000,100.0000000000,0.1000000000,10.0000000000,50.0000000000
42.0000000000,114.0000000000,0.0004480737,50.0000000000,100.0000000000,0.1000000000,10.0000000000,50.0000000000
42.0000000000,115.0000000000,0.0003910614,50.0000000000,100.0000000000,0.1000000000,10.0000000000,50.0000000000
42.0000000000,116.0000000000,0.0003354256,50.0000000000,100.0000000000,0.1000000000,10.0000000000,50.0000000000
42.0000000000,117.0000000000,0.0002878405,50.0000000000,100.0000000000,0.1000000000,10.0000000000,50.0000000000
42.0000000000,118.0000000000,0.0002437381,50.0000000000,100.0000000000,0.1000000000,10.0000000000,50.0000000000
42.0000000000,119.0000000000,0.0002060833,50.0000000000,100.0000000000,0.1000000000,10.0000000000,50.0000000000
42.0000000000,120.0000000000,0.0001712678,50.0000000000,100.0000000000,0.1000000000,10.0000000000,50.0000000000
42.0000000000,121.0000000000,0.0001413377,50.0000000000,100.0000000000,0.1000000000,10.0000000000,50.0000000000
42.0000000000,122.0000000000,0.0001165337,50.0000000000,100.0000000000,0.1000000000,10.0000000000,50.0000000000
42.0000000000,123.0000000000,0.0000937807,50.0000000000,100.0000000000,0.1000000000,10.0000000000,50.0000000000
42.0000000000,124.0000000000,0.0000746265,50.0000000000,100.0000000000,0.1000000000,10.0000000000,50.0000000000
42.0000000000,125.0000000000,0.0000606145,50.0000000000,100.0000000000,0.1000000000,10.0000000000,50.0000000000
42.0000000000,126.0000000000,0.0000473328,50.0000000000,100.0000000000,0.1000000000,10.0000000000,50.0000000000
42.0000000000,127.0000000000,0.0000381140,50.0000000000,100.0000000000,0.1000000000,10.0000000000,50.0000000000
42.0000000000,128.0000000000,0.0000297446,50.0000000000,100.0000000000,0.1000000000,10.0000000000,50.0000000000
42.0000000000,129.0000000000,0.0000225320,50.0000000000,100.0000000000,0.1000000000,10.0000000000,50.0000000000
42.0000000000,130.0000000000,0.0000169421,50.0000000000,100.0000000000,0.1000000000,10.0000000000,50.0000000000
42.0000000000,131.0000000000,0.0000129091,50.0000000000,100.0000000000,0.1000000000,10.0000000000,50.0000000000
42.0000000000,132.0000000000,0.0000101340,50.0000000000,100.0000000000,0.1000000000,10.0000000000,50.0000000000
42.0000000000,133.0000000000,0.0000073932,50.0000000000,100.0000000000,0.1000000000,10.0000000000,50.0000000000
42.0000000000,134.0000000000,0.0000054991,50.0000000000,100.0000000000,0.1000000000,10.0000000000,50.0000000000
42.0000000000,135.0000000000,0.0000042135,50.0000000000,100.0000000000,0.1000000000,10.0000000000,50.0000000000
42.0000000000,136.0000000000,0.0000030068,50.0000000000,100.0000000000,0.1000000000,10.0000000000,50.0000000000
42.0000000000,137.0000000000,0.0000022901,50.0000000000,100.0000000000,0.1000000000,10.0000000000,50.0000000000
42.0000000000,138.0000000000,0.0000016725,50.0000000000,100.0000000000,0.1000000000,10.0000000000,50.0000000000
42.0000000000,139.0000000000,0.0000011852,50.0000000000,100.0000000000,0.1000000000,10.0000000000,50.0000000000
42.0000000000,140.0000000000,0.0000008077,50.0000000000,100.0000000000,0.1000000000,10.0000000000,50.0000000000
42.0000000000,141.0000000000,0.0000006153,50.0000000000,100.0000000000,0.1000000000,10.0000000000,50.0000000000
42.0000000000,142.0000000000,0.0000003638,50.0000000000,100.0000000000,0.1000000000,10.0000000000,50.0000000000
42.0000000000,143.0000000000,0.0000003852,50.0000000000,100.0000000000,0.1000000000,10.0000000000,50.0000000000
42.0000000000,144.0000000000,0.0000003405,50.0000000000,100.0000000000,0.1000000000,10.0000000000,50.0000000000
42.0000000000,145.0000000000,0.0000002300,50.0000000000,100.0000000000,0.1000000000,10.0000000000,50.0000000000
42.0000000000,146.0000000000,0.0000001445,50.0000000000,100.0000000000,0.1000000000,10.0000000000,50.0000000000
42.0000000000,147.0000000000,0.0000000657,50.0000000000,100.0000000000,0.1000000000,10.0000000000,50.0000000000
42.0000000000,148.0000000000,0.0000000269,50.0000000000,100.0000000000,0.1000000000,10.0000000000,50.0000000000
42.0000000000,149.0000000000,0.0000000274,50.0000000000,100.0000000000,0.1000000000,10.0000000000,50.0000000000
42.0000000000,150.0000000000,0.0000000366,50.0000000000,100.0000000000,0.1000000000,10.0000000000,50.0000000000
42.0000000000,151.0000000000,0.0000000168,50.0000000000,100.0000000000,0.1000000000,10.0000000000,50.0000000000
42.0000000000,152.0000000000,0.0000000314,50.0000000000,100.0000000000,0.1000000000,10.0000000000,50.0000000000
42.0000000000,153.0000000000,0.0000000064,50.0000000000,100.0000000000,0.1000000000,10.0000000000,50.0000000000
42.0000000000,154.0000000000,0.0000000040,50.0000000000,100.0000000000,0.1000000000,10.0000000000,50.0000000000
42.0000000000,155.0000000000,0.0000000010,50.0000000000,100.0000000000,0.1000000000,10.0000000000,50.0000000000
42.0000000000,156.0000000000,0.0000000002,50.0000000000,100.0000000000,0.1000000000,10.0000000000,50.0000000000
43.0000000000,54.0000000000,0.0000000063,50.0000000000,100.0000000000,0.1000000000,10.0000000000,50.0000000000
43.0000000000,55.0000000000,0.0000000024,50.0000000000,100.0000000000,0.1000000000,10.0000000000,50.0000000000
43.0000000000,56.0000000000,0.0000000172,50.0000000000,100.0000000000,0.1000000000,10.0000000000,50.0000000000
43.0000000000,57.0000000000,0.0000000803,50.0000000000,100.0000000000,0.1000000000,10.0000000000,50.0000000000
43.0000000000,58.0000000000,0.0000001410,50.0000000000,100.0000000000,0.1000000000,10.0000000000,50.0000000000
43.0000000000,59.0000000000,0.0000002506,50.0000000000,100.0000000000,0.1000000000,10.0000000000,50.0000000000
43.0000000000,60.0000000000,0.0000003454,50.0000000000,100.0000000000,0.1000000000,10.0000000000,50.0000000000
43.0000000000,61.0000000000,0.0000004830,50.0000000000,100.0000000000,0.1000000000,10.0000000000,50.0000000000
43.0000000000,62.0000000000,0.0000005731,50.0000000000,100.0000000000,0.1000000000,10.0000000000,50.0000000000
43.0000000000,63.0000000000,0.0000009063,50.0000000000,100.0000000000,0.1000000000,10.0000000000,50.0000000000
43.0000000000,64.0000000000,0.0000016138,50.0000000000,100.0000000000,0.1000000000,10.0000000000,50.0000000000
43.0000000000,65.0000000000,0.0000023375,50.0000000000,100.0000000000,0.1000000000,10.0000000000,50.0000000000
43.0000000000,66.0000000000,0.0000032307,50.0000000000,100.0000000000,0.1000000000,10.0000000000,50.0000000000
43.0000000000,67.0000000000,0.0000043831,50.0000000000,100.0000000000,0.1000000000,10.0000000000,50.0000000000
43.0000000000,68.0000000000,0.0000070067,50.0000000000,100.0000000000,0.1000000000,10.0000000000,50.0000000000
43.0000000000,69.0000000000,0.0000094859,50.0000000000,100.0000000000,0.1000000000,10.0000000000,50.0000000000
43.0000000000,70.0000000000,0.0000137355,50.0000000000,100.0000000000,0.1000000000,10.0000000000,50.0000000000
43.0000000000,71.0000000000,0.0000182693,50.0000000000,100.0000000000,0.1000000000,10.0000000000,50.0000000000
43.0000000000,72.0000000000,0.0000255585,50.0000000000,100.0000000000,0.1000000000,10.0000000000,50.0000000000
43.0000000000,73.0000000000,0.0000347937,50.0000000000,100.0000000000,0.1000000000,10.0000000000,50.0000000000
43.0000000000,74.0000000000,0.0000458981,50.0000000000,100.0000000000,0.1000000000,10.0000000000,50.0000000000
43.0000000000,75.0000000000,0.0000609517,50.0000000000,100.0000000000,0.1000000000,10.0000000000,50.0000000000
43.0000000000,76.0000000000,0.0000786181,50.0000000000,100.0000000000,0.1000000000,10.0000000000,50.0000000000
43.0000000000,77.0000000000,0.0001008880,50.0000000000,100.0000000000,0.1000000000,10.0000000000,50.0000000000
43.0000000000,78.0000000000,0.0001265814,50.0000000000,100.0000000000,0.1000000000,10.0000000000,50.0000000000
43.0000000000,79.0000000000,0.0001577460,50.0000000000,100.0000000000,0.1000000000,10.0000000000,50.0000000000
43.0000000000,80.0000000000,0.0001961088,50.0000000000,100.0000000000,0.1000000000,10.0000000000,50.0000000000
43.0000000000,81.0000000000,0.0002431713,50.0000000000,100.0000000000,0.1000000000,10.0000000000,50.0000000000
43.0000000000,82.0000000000,0.0002913689,50.0000000000,100.0000000000,0.1000000000,10.0000000000,50.0000000000
43.0000000000,83.0000000000,0.0003451986,50.0000000000,100.0000000000,0.1000000000,10.0000000000,50.0000000000
43.0000000000,84.0000000000,0.0004143879,50.0000000000,100.0000000000,0.1000000000,10.0000000000,50.0000000000
43.0000000000,85.0000000000,0.0004852956,50.0000000000,100.0000000000,0.1000000000,10.0000000000,50.0000000000
43.0000000000,86.0000000000,0.0005621600,50.0000000000,100.0000000000,0.1000000000,10.0000000000,50.0000000000
43.0000000000,87.0000000000,0.0006466709,50.0000000000,100.0000000000,0.1000000000,10.0000000000,50.0000000000
43.0000000000,88.0000000000,0.0007355779,50.0000000000,100.0000000000,0.1000000000,10.0000000000,50.0000000000
43.0000000000,89.0000000000,0.0008227451,50.0000000000,100.0000000000,0.1000000000,10.0000000000,50.0000000000
43.0000000000,90.0000000000,0.0009104698,50.0000000000,100.0000000000,0.1000000000,10.0000000000,50.0000000000
43.0000000000,91.0000000000,0.0010013251,50.0000000000,100.0000000000,0.1000000000,10.0000000000,50.0000000000
43.0000000000,92.0000000000,0.0010864135,50.0000000000,100.0000000000,0.1000000000,10.0000000000,50.0000000000
43.0000000000,93.0000000000,0.0011669451,50.0000000000,100.0000000000,0.1000000000,10.0000000000,50.0000000000
43.0000000000,94.0000000000,0.0012359641,50.0000000000,100.0000000000,0.1000000000,10.0000000000,50.0000000000
43.0000000000,95.0000000000,0.0012977582,50.0000000000,100.0000000000,0.1000000000,10.0000000000,50.0000000000
43.0000000000,96.0000000000,0.0013588546,50.0000000000,100.0000000000,0.1000000000,10.0000000000,50.0000000000
43.0000000000,97.0000000000,0.0013915046,50.0000000000,100.0000000000,0.1000000000,10.0000000000,50.0000000000
43.0000000000,98.0000000000,0.0014204921,50.0000000000,100.0000000000,0.1000000000,10.0000000000,50.0000000000
43.0000000000,99.0000000000,0.0014459157,50.0000000000,100.0000000000,0.1000000000,10.0000000000,50.0000000000
43.0000000000,100.0000000000,0.0014402790,50.0000000000,100.0000000000,0.1000000000,10.0000000000,50.0000000000
43.0000000000,101.0000000000,0.0014268409,50.0000000000,100.0000000000,0.1000000000,10.0000000000,50.0000000000
43.0000000000,102.0000000000,0.0014002716,50.0000000000,100.0000000000,0.1000000000,10.0000000000,50.0000000000
43.0000000000,103.0000000000,0.0013564496,50.0000000000,100.0000000000,0.1000000000,10.0000000000,50.0000000000
43.0000000000,104.0000000000,0.0013040691,50.0000000000,100.0000000000,0.1000000000,10.0000000000,50.0000000000
43.0000000000,105.0000000000,0.0012464602,50.0000000000,100.0000000000,0.1000000000,10.0000000000,50.0000000000
43.0000000000,106.0000000000,0.0011683780,50.0000000000,100.0000000000,0.1000000000,10.0000000000,50.0000000000
43.0000000000,107.0000000000,0.0010892111,50.0000000000,100.0000000000,0.1000000000,10.0000000000,50.0000000000
43.0000000000,108.0000000000,0.0010093065,50.0000000000,100.0000000000,0.1000000000,10.0000000000,50.0000000000
43.0000000000,109.0000000000,0.0009204633,50.0000000000,100.0000000000,0.1000000000,10.0000000000,50.0000000000
43.0000000000,110.0000000000,0.0008384338,50.0000000000,100.0000000000,0.1000000000,10.0000000000,50.0000000000
43.0000000000,111.0000000000,0.0007594167,50.0000000000,100.0000000000,0.1000000000,10.0000000000,50.0000000000
43.0000000000,112.0000000000,0.0006750594,50.0000000000,100.0000000000,0.1000000000,10.0000000000,50.0000000000
43.0000000000,113.0000000000,0.0006004993,50.0000000000,100.0000000000,0.1000000000,10.0000000000,50.0000000000
43.0000000000,114.0000000000,0.0005232336,50.0000000000,100.0000000000,0.1000000000,10.0000000000,50.0000000000
43.0000000000,115.0000000000,0.0004565901,50.0000000000,100.0000000000,0.1000000000,10.0000000000,50.0000000000
43.0000000000,116.0000000000,0.0003934580,50.0000000000,100.0000000000,0.1000000000,10.0000000000,50.0000000000
43.0000000000,117.0000000000,0.0003363620,50.0000000000,100.0000000000,0.1000000000,10.0000000000,50.0000000000
43.0000000000,118.0000000000,0.0002844531,50.0000000000,100.0000000000,0.1000000000,10.0000000000,50.0000000000
43.0000000000,119.0000000000,0.0002409252,50.0000000000,100.0000000000,0.1000000000,10.0000000000,50.0000000000
43.0000000000,120.0000000000,0.0001976664,50.0000000000,100.0000000000,0.1000000000,10.0000000000,50.0000000000
43.0000000000,121.0000000000,0.0001645283,50.0000000000,100.0000000000,0.1000000000,10.0000000000,50.0000000000
43.0000000000,122.0000000000,0.0001354409,50.0000000000,100.0000000000,0.1000000000,10.0000000000,50.0000000000
43.0000000000,123.0000000000,0.0001097567,50.0000000000,100.0000000000,0.1000000000,10.0000000000,50.0000000000
43.0000000000,124.0000000000,0.0000879973,50.0000000000,100.0000000000,0.1000000000,10.0000000000,50.0000000000
43.0000000000,125.0000000000,0.0000708251,50.0000000000,100.0000000000,0.1000000000,10.0000000000,50.0000000000
43.0000000000,126.0000000000,0.0000554598,50.0000000000,100.0000000000,0.1000000000,10.0000000000,50.0000000000
43.0000000000,127.0000000000,0.0000449395,50.0000000000,100.0000000000,0.1000000000,10.0000000000,50.0000000000
43.0000000000,128.0000000000,0.0000341796,50.0000000000,100.0000000000,0.1000000000,10.0000000000,50.0000000000
43.0000000000,129.0000000000,0.0000262143,50.0000000000,100.0000000000,0.1000000000,10.0000000000,50.0000000000
43.0000000000,130.0000000000,0.0000201939,50.0000000000,100.0000000000,0.1000000000,10.0000000000,50.0000000000
43.0000000000,131.0000000000,0.0000157716,50.0000000000,100.0000000000,0.1000000000,10.0000000000,50.0000000000
43.0000000000,132.0000000000,0.0000119399,50.0000000000,100.0000000000,0.1000000000,10.0000000000,50.0000000000
43.0000000000,133.0000000000,0.0000085254,50.0000000000,100.0000000000,0.1000000000,10.0000000000,50.0000000000
43.0000000000,134.0000000000,0.0000064190,50.0000000000,100.0000000000,0.1000000000,10.0000000000,50.0000000000
43.0000000000,135.0000000000,0.0000048619,50.0000000000,100.0000000000,0.1000000000,10.0000000000,50.0000000000
43.0000000000,136.0000000000,0.0000036486,50.0000000000,100.0000000000,0.1000000000,10.0000000000,50.0000000000
43.0000000000,137.0000000000,0.0000027771,50.0000000000,100.0000000000,0.1000000000,10.0000000000,50.0000000000
43.0000000000,138.0000000000,0.0000019555,50.0000000000,100.0000000000,0.1000000000,10.0000000000,50.0000000000
43.0000000000,139.0000000000,0.0000012831,50.0000000000,100.0000000000,0.1000000000,10.0000000000,50.0000000000
43.0000000000,140.0000000000,0.0000009653,50.0000000000,100.0000000000,0.1000000000,10.0000000000,50.0000000000
43.0000000000,141.0000000000,0.0000007280,50.0000000000,100.0000000000,0.1000000000,10.0000000000,50.0000000000
43.0000000000,142.0000000000,0.0000004931,50.0000000000,100.0000000000,0.1000000000,10.0000000000,50.0000000000
43.0000000000,143.0000000000,0.0000003776,50.0000000000,100.0000000000,0.1000000000,10.0000000000,50.0000000000
43.0000000000,144.0000000000,0.0000002860,50.0000000000,100.0000000000,0.1000000000,10.0000000000,50.0000000000
43.0000000000,145.0000000000,0.0000002506,50.0000000000,100.0000000000,0.1000000000,10.0000000000,50.0000000000
43.0000000000,146.0000000000,0.0000001422,50.0000000000,100.0000000000,0.1000000000,10.0000000000,50.0000000000
43.0000000000,147.0000000000,0.0000000657,50.0000000000,100.0000000000,0.1000000000,10.0000000000,50.0000000000
43.0000000000,148.0000000000,0.0000000231,50.0000000000,100.0000000000,0.1000000000,10.0000000000,50.0000000000
43.0000000000,149.0000000000,0.0000000235,50.0000000000,100.0000000000,0.1000000000,10.0000000000,50.0000000000
43.0000000000,150.0000000000,0.0000000675,50.0000000000,100.0000000000,0.1000000000,10.0000000000,50.0000000000
43.0000000000,151.0000000000,0.0000000432,50.0000000000,100.0000000000,0.1000000000,10.0000000000,50.0000000000
43.0000000000,152.0000000000,0.0000000474,50.0000000000,100.0000000000,0.1000000000,10.0000000000,50.0000000000
43.0000000000,153.0000000000,0.0000000068,50.0000000000,100.0000000000,0.1000000000,10.0000000000,50.0000000000
43.0000000000,154.0000000000,0.0000000020,50.0000000000,100.0000000000,0.1000000000,10.0000000000,50.0000000000
43.0000000000,155.0000000000,0.0000000084,50.0000000000,100.0000000000,0.1000000000,10.0000000000,50.0000000000
43.0000000000,156.0000000000,0.0000000043,50.0000000000,100.0000000000,0.1000000000,10.0000000000,50.0000000000
44.0000000000,54.0000000000,0.0000000050,50.0000000000,100.0000000000,0.1000000000,10.0000000000,50.0000000000
44.0000000000,55.0000000000,0.0000000025,50.0000000000,100.0000000000,0.1000000000,10.0000000000,50.0000000000
44.0000000000,56.0000000000,0.0000000173,50.0000000000,100.0000000000,0.1000000000,10.0000000000,50.0000000000
44.0000000000,57.0000000000,0.0000000790,50.0000000000,100.0000000000,0.1000000000,10.0000000000,50.0000000000
44.0000000000,58.0000000000,0.0000001420,50.0000000000,100.0000000000,0.1000000000,10.0000000000,50.0000000000
44.0000000000,59.0000000000,0.0000001772,50.0000000000,100.0000000000,0.1000000000,10.0000000000,50.0000000000
44.0000000000,60.0000000000,0.0000003734,50.0000000000,100.0000000000,0.1000000000,10.0000000000,50.0000000000
44.0000000000,61.0000000000,0.0000005494,50.0000000000,100.0000000000,0.1000000000,10.0000000000,50.0000000000
44.0000000000,62.0000000000,0.0000006292,50.0000000000,100.0000000000,0.1000000000,10.0000000000,50.0000000000
44.0000000000,63.0000000000,0.0000010138,50.0000000000,100.0000000000,0.1000000000,10.0000000000,50.0000000000
44.0000000000,64.0000000000,0.0000015691,50.0000000000,100.0000000000,0.1000000000,10.0000000000,50.0000000000
44.0000000000,65.0000000000,0.0000025561,50.0000000000,100.0000000000,0.1000000000,10.0000000000,50.0000000000
44.0000000000,66.0000000000,0.0000035872,50.0000000000,100.0000000000,0.1000000000,10.0000000000,50.0000000000
44.0000000000,67.0000000000,0.0000051619,50.0000000000,100.0000000000,0.1000000000,10.0000000000,50.0000000000
44.0000000000,68.0000000000,0.0000078793,50.0000000000,100.0000000000,0.1000000000,10.0000000000,50.0000000000
44.0000000000,69.0000000000,0.0000105957,50.0000000000,100.0000000000,0.1000000000,10.0000000000,50.0000000000
44.0000000000,70.0000000000,0.0000148434,50.0000000000,100.0000000000,0.1000000000,10.0000000000,50.0000000000
44.0000000000,71.0000000000,0.0000209382,50.0000000000,100.0000000000,0.1000000000,10.0000000000,50.0000000000
44.0000000000,72.0000000000,0.0000283704,50.0000000000,100.0000000000,0.1000000000,10.0000000000,50.0000000000
44.0000000000,73.0000000000,0.0000388980,50.0000000000,100.0000000000,0.1000000000,10.0000000000,50.0000000000
44.0000000000,74.0000000000,0.0000518646,50.0000000000,100.0000000000,0.1000000000,10.0000000000,50.0000000000
44.0000000000,75.0000000000,0.0000668543,50.0000000000,100.0000000000,0.1000000000,10.0000000000,50.0000000000
44.0000000000,76.0000000000,0.0000880819,50.0000000000,100.0000000000,0.1000000000,10.0000000000,50.0000000000
44.0000000000,77.0000000000,0.0001125050,50.0000000000,100.0000000000,0.1000000000,10.0000000000,50.0000000000
44.0000000000,78.0000000000,0.0001422158,50.0000000000,100.0000000000,0.1000000000,10.0000000000,50.0000000000
44.0000000000,79.0000000000,0.0001778540,50.0000000000,100.0000000000,0.1000000000,10.0000000000,50.0000000000
44.0000000000,80.0000000000,0.0002221976,50.0000000000,100.0000000000,0.1000000000,10.0000000000,50.0000000000
44.0000000000,81.0000000000,0.0002732982,50.0000000000,100.0000000000,0.1000000000,10.0000000000,50.0000000000
44.0000000000,82.0000000000,0.0003283993,50.0000000000,100.0000000000,0.1000000000,10.0000000000,50.0000000000
44.0000000000,83.0000000000,0.0003945705,50.0000000000,100.0000000000,0.1000000000,10.0000000000,50.0000000000
44.0000000000,84.0000000000,0.0004709103,50.0000000000,100.0000000000,0.1000000000,10.0000000000,50.0000000000
44.0000000000,85.0000000000,0.0005468287,50.0000000000,100.0000000000,0.1000000000,10.0000000000,50.0000000000
44.0000000000,86.0000000000,0.0006348205,50.0000000000,100.0000000000,0.1000000000,10.0000000000,50.0000000000
44.0000000000,87.0000000000,0.0007340259,50.0000000000,100.0000000000,0.1000000000,10.0000000000,50.0000000000
44.0000000000,88.0000000000,0.0008311750,50.0000000000,100.0000000000,0.1000000000,10.0000000000,50.0000000000
44.0000000000,89.0000000000,0.0009287595,50.0000000000,100.0000000000,0.1000000000,10.0000000000,50.0000000000
44.0000000000,90.0000000000,0.0010323235,50.0000000000,100.0000000000,0.1000000000,10.0000000000,50.0000000000
44.0000000000,91.0000000000,0.0011362234,50.0000000000,100.0000000000,0.1000000000,10.0000000000,50.0000000000
44.0000000000,92.0000000000,0.0012320503,50.0000000000,100.0000000000,0.1000000000,10.0000000000,50.0000000000
44.0000000000,93.0000000000,0.0013206779,50.0000000000,100.0000000000,0.1000000000,10.0000000000,50.0000000000
44.0000000000,94.0000000000,0.0014059092,50.0000000000,100.0000000000,0.1000000000,10.0000000000,50.0000000000
44.0000000000,95.0000000000,0.0014748334,50.0000000000,100.0000000000,0.1000000000,10.0000000000,50.0000000000
44.0000000000,96.0000000000,0.0015406762,50.0000000000,100.0000000000,0.1000000000,10.0000000000,50.0000000000
44.0000000000,97.0000000000,0.0015853358,50.0000000000,100.0000000000,0.1000000000,10.0000000000,50.0000000000
44.0000000000,98.0000000000,0.0016213163,50.0000000000,100.0000000000,0.1000000000,10.0000000000,50.0000000000
44.0000000000,99.0000000000,0.0016388753,50.0000000000,100.0000000000,0.1000000000,10.0000000000,50.0000000000
44.0000000000,100.0000000000,0.0016403668,50.0000000000,100.0000000000,0.1000000000,10.0000000000,50.0000000000
44.0000000000,101.0000000000,0.0016253542,50.0000000000,100.0000000000,0.1000000000,10.0000000000,50.0000000000
44.0000000000,102.0000000000,0.0015909354,50.0000000000,100.0000000000,0.1000000000,10.0000000000,50.0000000000
44.0000000000,103.0000000000,0.0015431844,50.0000000000,100.0000000000,0.1000000000,10.0000000000,50.0000000000
44.0000000000,104.0000000000,0.0014861298,50.0000000000,100.0000000000,0.1000000000,10.0000000000,50.0000000000
44.0000000000,105.0000000000,0.0014136872,50.0000000000,100.0000000000,0.1000000000,10.0000000000,50.0000000000
44.0000000000,106.0000000000,0.0013309236,50.0000000000,100.0000000000,0.1000000000,10.0000000000,50.0000000000
44.0000000000,107.0000000000,0.0012379493,50.0000000000,100.0000000000,0.1000000000,10.0000000000,50.0000000000
44.0000000000,108.0000000000,0.0011518095,50.0000000000,100.0000000000,0.1000000000,10.0000000000,50.0000000000
44.0000000000,109.0000000000,0.0010499564,50.0000000000,100.0000000000,0.1000000000,10.0000000000,50.0000000000
44.0000000000,110.0000000000,0.0009584115,50.0000000000,100.0000000000,0.1000000000,10.0000000000,50.0000000000
44.0000000000,111.0000000000,0.0008614148,50.0000000000,100.0000000000,0.1000000000,10.0000000000,50.0000000000
44.0000000000,112.0000000000,0.0007692188,50.0000000000,100.0000000000,0.1000000000,10.0000000000,50.0000000000
44.0000000000,113.0000000000,0.0006801747,50.0000000000,100.0000000000,0.1000000000,10.0000000000,50.0000000000
44.0000000000,114.0000000000,0.0005976080,50.0000000000,100.0000000000,0.1000000000,10.0000000000,50.0000000000
44.0000000000,115.0000000000,0.0005183532,50.0000000000,100.0000000000,0.1000000000,10.0000000000,50.0000000000
44.0000000000,116.0000000000,0.0004454566,50.0000000000,100.0000000000,0.1000000000,10.0000000000,50.0000000000
44.0000000000,117.0000000000,0.0003804429,50.0000000000,100.0000000000,0.1000000000,10.0000000000,50.0000000000
44.0000000000,118.0000000000,0.0003225790,50.0000000000,100.0000000000,0.1000000000,10.0000000000,50.0000000000
44.0000000000,119.0000000000,0.0002756519,50.0000000000,100.0000000000,0.1000000000,10.0000000000,50.0000000000
44.0000000000,120.0000000000,0.0002257434,50.0000000000,100.0000000000,0.1000000000,10.0000000000,50.0000000000
44.0000000000,121.0000000000,0.0001866862,50.0000000000,100.0000000000,0.1000000000,10.0000000000,50.0000000000
44.0000000000,122.0000000000,0.0001543335,50.0000000000,100.0000000000,0.1000000000,10.0000000000,50.0000000000
44.0000000000,123.0000000000,0.0001246389,50.0000000000,100.0000000000,0.1000000000,10.0000000000,50.0000000000
44.0000000000,124.0000000000,0.0001004172,50.0000000000,100.0000000000,0.1000000000,10.0000000000,50.0000000000
44.0000000000,125.0000000000,0.0000802998,50.0000000000,100.0000000000,0.1000000000,10.0000000000,50.0000000000
44.0000000000,126.0000000000,0.0000639230,50.0000000000,100.0000000000,0.1000000000,10.0000000000,50.0000000000
44.0000000000,127.0000000000,0.0000503013,50.0000000000,100.0000000000,0.1000000000,10.0000000000,50.0000000000
44.0000000000,128.0000000000,0.0000391984,50.0000000000,100.0000000000,0.1000000000,10.0000000000,50.0000000000
44.0000000000,129.0000000000,0.0000299592,50.0000000000,100.0000000000,0.1000000000,10.0000000000,50.0000000000
44.0000000000,130.0000000000,0.0000237127,50.0000000000,100.0000000000,0.1000000000,10.0000000000,50.0000000000
44.0000000000,131.0000000000,0.0000180389,50.0000000000,100.0000000000,0.1000000000,10.0000000000,50.0000000000
44.0000000000,132.0000000000,0.0000135746,50.0000000000,100.0000000000,0.1000000000,10.0000000000,50.0000000000
44.0000000000,133.0000000000,0.0000099697,50.0000000000,100.0000000000,0.1000000000,10.0000000000,50.0000000000
44.0000000000,134.0000000000,0.0000072903,50.0000000000,100.0000000000,0.1000000000,10.0000000000,50.0000000000
44.0000000000,135.0000000000,0.0000056347,50.0000000000,100.0000000000,0.1000000000,10.0000000000,50.0000000000
44.0000000000,136.0000000000,0.0000039649,50.0000000000,100.0000000000,0.1000000000,10.0000000000,50.0000000000
44.0000000000,137.0000000000,0.0000029531,50.0000000000,100.0000000000,0.1000000000,10.0000000000,50.0000000000
44.0000000000,138.0000000000,0.0000022008,50.0000000000,100.0000000000,0.1000000000,10.0000000000,50.0000000000
44.0000000000,139.0000000000,0.0000015418,50.0000000000,100.0000000000,0.1000000000,10.0000000000,50.0000000000
44.0000000000,140.0000000000,0.0000010875,50.0000000000,100.0000000000,0.1000000000,10.0000000000,50.0000000000
44.0000000000,141.0000000000,0.0000007158,50.0000000000,100.0000000000,0.1000000000,10.0000000000,50.0000000000
44.0000000000,142.0000000000,0.0000005766,50.0000000000,100.0000000000,0.1000000000,10.0000000000,50.0000000000
44.0000000000,143.0000000000,0.0000005471,50.0000000000,100.0000000000,0.1000000000,10.0000000000,50.0000000000
44.0000000000,144.0000000000,0.0000003590,50.0000000000,100.0000000000,0.1000000000,10.0000000000,50.0000000000
44.0000000000,145.0000000000,0.0000002214,50.0000000000,100.0000000000,0.1000000000,10.0000000000,50.0000000000
44.0000000000,146.0000000000,0.0000001082,50.0000000000,100.0000000000,0.1000000000,10.0000000000,50.0000000000
44.0000000000,147.0000000000,0.0000000488,50.0000000000,100.0000000000,0.1000000000,10.0000000000,50.0000000000
44.0000000000,148.0000000000,0.0000000271,50.0000000000,100.0000000000,0.1000000000,10.0000000000,50.0000000000
44.0000000000,149.0000000000,0.0000000156,50.0000000000,100.0000000000,0.1000000000,10.0000000000,50.0000000000
44.0000000000,150.0000000000,0.0000000462,50.0000000000,100.0000000000,0.1000000000,10.0000000000,50.0000000000
44.0000000000,151.0000000000,0.0000000258,50.0000000000,100.0000000000,0.1000000000,10.0000000000,50.0000000000
44.0000000000,152.0000000000,0.0000000087,50.0000000000,100.0000000000,0.1000000000,10.0000000000,50.0000000000
44.0000000000,153.0000000000,0.0000000042,50.0000000000,100.0000000000,0.1000000000,10.0000000000,50.0000000000
44.0000000000,154.0000000000,0.0000000059,50.0000000000,100.0000000000,0.1000000000,10.0000000000,50.0000000000
44.0000000000,155.0000000000,0.0000000014,50.0000000000,100.0000000000,0.1000000000,10.0000000000,50.0000000000
44.0000000000,156.0000000000,0.0000000001,50.0000000000,100.0000000000,0.1000000000,10.0000000000,50.0000000000
45.0000000000,53.0000000000,0.0000000013,50.0000000000,100.0000000000,0.1000000000,10.0000000000,50.0000000000
45.0000000000,54.0000000000,0.0000000068,50.0000000000,100.0000000000,0.1000000000,10.0000000000,50.0000000000
45.0000000000,55.0000000000,0.0000000108,50.0000000000,100.0000000000,0.1000000000,10.0000000000,50.0000000000
45.0000000000,56.0000000000,0.0000000348,50.0000000000,100.0000000000,0.1000000000,10.0000000000,50.0000000000
45.0000000000,57.0000000000,0.0000000464,50.0000000000,100.0000000000,0.1000000000,10.0000000000,50.0000000000
45.0000000000,58.0000000000,0.0000001539,50.0000000000,100.0000000000,0.1000000000,10.0000000000,50.0000000000
45.0000000000,59.0000000000,0.0000001665,50.0000000000,100.0000000000,0.1000000000,10.0000000000,50.0000000000
45.0000000000,60.0000000000,0.0000002746,50.0000000000,100.0000000000,0.1000000000,10.0000000000,50.0000000000
45.0000000000,61.0000000000,0.0000004739,50.0000000000,100.0000000000,0.1000000000,10.0000000000,50.0000000000
45.0000000000,62.0000000000,0.0000006990,50.0000000000,100.0000000000,0.1000000000,10.0000000000,50.0000000000
45.0000000000,63.0000000000,0.0000011494,50.0000000000,100.0000000000,0.1000000000,10.0000000000,50.0000000000
45.0000000000,64.0000000000,0.0000017067,50.0000000000,100.0000000000,0.1000000000,10.0000000000,50.0000000000
45.0000000000,65.0000000000,0.0000029051,50.0000000000,100.0000000000,0.1000000000,10.0000000000,50.0000000000
45.0000000000,66.0000000000,0.0000039271,50.0000000000,100.0000000000,0.1000000000,10.0000000000,50.0000000000
45.0000000000,67.0000000000,0.0000056683,50.0000000000,100.0000000000,0.1000000000,10.0000000000,50.0000000000
45.0000000000,68.0000000000,0.0000082824,50.0000000000,100.0000000000,0.1000000000,10.0000000000,50.0000000000
45.0000000000,69.0000000000,0.0000112524,50.0000000000,100.0000000000,0.1000000000,10.0000000000,50.0000000000
45.0000000000,70.0000000000,0.0000160976,50.0000000000,100.0000000000,0.1000000000,10.0000000000,50.0000000000
45.0000000000,71.0000000000,0.0000224676,50.0000000000,100.0000000000,0.1000000000,10.0000000000,50.0000000000
45.0000000000,72.0000000000,0.0000313874,50.0000000000,100.0000000000,0.1000000000,10.0000000000,50.0000000000
45.0000000000,73.0000000000,0.0000421539,50.0000000000,100.0000000000,0.1000000000,10.0000000000,50.0000000000
45.0000000000,74.0000000000,0.0000564754,50.0000000000,100.0000000000,0.1000000000,10.0000000000,50.0000000000
45.0000000000,75.0000000000,0.0000739984,50.0000000000,100.0000000000,0.1000000000,10.0000000000,50.0000000000
45.0000000000,76.0000000000,0.0000973969,50.0000000000,100.0000000000,0.1000000000,10.0000000000,50.0000000000
45.0000000000,77.0000000000,0.0001252732,50.0000000000,100.0000000000,0.1000000000,10.0000000000,50.0000000000
45.0000000000,78.0000000000,0.0001566618,50.0000000000,100.0000000000,0.1000000000,10.0000000000,50.0000000000
45.0000000000,79.0000000000,0.0001979572,50.0000000000,100.0000000000,0.1000000000,10.0000000000,50.0000000000
45.0000000000,80.0000000000,0.0002468057,50.0000000000,100.0000000000,0.1000000000,10.0000000000,50.0000000000
45.0000000000,81.0000000000,0.0003028085,50.0000000000,100.0000000000,0.1000000000,10.0000000000,50.0000000000
45.0000000000,82.0000000000,0.0003619677,50.0000000000,100.0000000000,0.1000000000,10.0000000000,50.0000000000
45.0000000000,83.0000000000,0.0004355589,50.0000000000,100.0000000000,0.1000000000,10.0000000000,50.0000000000
45.0000000000,84.0000000000,0.0005177806,50.0000000000,100.0000000000,0.1000000000,10.0000000000,50.0000000000
45.0000000000,85.0000000000,0.0006066314,50.0000000000,100.0000000000,0.1000000000,10.0000000000,50.0000000000
45.0000000000,86.0000000000,0.0007069637,50.0000000000,100.0000000000,0.1000000000,10.0000000000,50.0000000000
45.0000000000,87.0000000000,0.0008137073,50.0000000000,100.0000000000,0.1000000000,10.0000000000,50.0000000000
45.0000000000,88.0000000000,0.0009194823,50.0000000000,100.0000000000,0.1000000000,10.0000000000,50.0000000000
45.0000000000,89.0000000000,0.0010347103,50.0000000000,100.0000000000,0.1000000000,10.0000000000,50.0000000000
45.0000000000,90.0000000000,0.0011469635,50.0000000000,100.0000000000,0.1000000000,10.0000000000,50.0000000000
45.0000000000,91.0000000000,0.0012599552,50.0000000000,100.0000000000,0.1000000000,10.0000000000,50.0000000000
45.0000000000,92.0000000000,0.0013674986,50.0000000000,100.0000000000,0.1000000000,10.0000000000,50.0000000000
45.0000000000,93.0000000000,0.0014658006,50.0000000000,100.0000000000,0.1000000000,10.0000000000,50.0000000000
45.0000000000,94.0000000000,0.0015650536,50.0000000000,100.0000000000,0.1000000000,10.0000000000,50.0000000000
45.0000000000,95.0000000000,0.0016421790,50.0000000000,100.0000000000,0.1000000000,10.0000000000,50.0000000000
45.0000000000,96.0000000000,0.0017127982,50.0000000000,100.0000000000,0.1000000000,10.0000000000,50.0000000000
45.0000000000,97.0000000000,0.0017713178,50.0000000000,100.0000000000,0.1000000000,10.0000000000,50.0000000000
45.0000000000,98.0000000000,0.0018050501,50.0000000000,100.0000000000,0.1000000000,10.0000000000,50.0000000000
45.0000000000,99.0000000000,0.0018180851,50.0000000000,100.0000000000,0.1000000000,10.0000000000,50.0000000000
45.0000000000,100.0000000000,0.0018234500,50.0000000000,100.0000000000,0.1000000000,10.0000000000,50.0000000000
45.0000000000,101.0000000000,0.0018081129,50.0000000000,100.0000000000,0.1000000000,10.0000000000,50.0000000000
45.0000000000,102.0000000000,0.0017653639,50.0000000000,100.0000000000,0.1000000000,10.0000000000,50.0000000000
45.0000000000,103.0000000000,0.0017130307,50.0000000000,100.0000000000,0.1000000000,10.0000000000,50.0000000000
45.0000000000,104.0000000000,0.0016585116,50.0000000000,100.0000000000,0.1000000000,10.0000000000,50.0000000000
45.0000000000,105.0000000000,0.0015698946,50.0000000000,100.0000000000,0.1000000000,10.0000000000,50.0000000000
45.0000000000,106.0000000000,0.0014721027,50.0000000000,100.0000000000,0.1000000000,10.0000000000,50.0000000000
45.0000000000,107.0000000000,0.0013775764,50.0000000000,100.0000000000,0.1000000000,10.0000000000,50.0000000000
45.0000000000,108.0000000000,0.0012756643,50.0000000000,100.0000000000,0.1000000000,10.0000000000,50.0000000000
45.0000000000,109.0000000000,0.0011701709,50.0000000000,100.0000000000,0.1000000000,10.0000000000,50.0000000000
45.0000000000,110.0000000000,0.0010688426,50.0000000000,100.0000000000,0.1000000000,10.0000000000,50.0000000000
45.0000000000,111.0000000000,0.0009566594,50.0000000000,100.0000000000,0.1000000000,10.0000000000,50.0000000000
45.0000000000,112.0000000000,0.0008572059,50.0000000000,100.0000000000,0.1000000000,10.0000000000,50.0000000000
45.0000000000,113.0000000000,0.0007560269,50.0000000000,100.0000000000,0.1000000000,10.0000000000,50.0000000000
45.0000000000,114.0000000000,0.0006660536,50.0000000000,100.0000000000,0.1000000000,10.0000000000,50.0000000000
45.0000000000,115.0000000000,0.0005765133,50.0000000000,100.0000000000,0.1000000000,10.0000000000,50.0000000000
45.0000000000,116.0000000000,0.0004967991,50.0000000000,100.0000000000,0.1000000000,10.0000000000,50.0000000000
45.0000000000,117.0000000000,0.0004247714,50.0000000000,100.0000000000,0.1000000000,10.0000000000,50.0000000000
45.0000000000,118.0000000000,0.0003593794,50.0000000000,100.0000000000,0.1000000000,10.0000000000,50.0000000000
45.0000000000,119.0000000000,0.0003039427,50.0000000000,100.0000000000,0.1000000000,10.0000000000,50.0000000000
45.0000000000,120.0000000000,0.0002516726,50.0000000000,100.0000000000,0.1000000000,10.0000000000,50.0000000000
45.0000000000,121.0000000000,0.0002077288,50.0000000000,100.0000000000,0.1000000000,10.0000000000,50.0000000000
45.0000000000,122.0000000000,0.0001716182,50.0000000000,100.0000000000,0.1000000000,10.0000000000,50.0000000000
45.0000000000,123.0000000000,0.0001399055,50.0000000000,100.0000000000,0.1000000000,10.0000000000,50.0000000000
45.0000000000,124.0000000000,0.0001125047,50.0000000000,100.0000000000,0.1000000000,10.0000000000,50.0000000000
45.0000000000,125.0000000000,0.0000897924,50.0000000000,100.0000000000,0.1000000000,10.0000000000,50.0000000000
45.0000000000,126.0000000000,0.0000716387,50.0000000000,100.0000000000,0.1000000000,10.0000000000,50.0000000000
45.0000000000,127.0000000000,0.0000557221,50.0000000000,100.0000000000,0.1000000000,10.0000000000,50.0000000000
45.0000000000,128.0000000000,0.0000443679,50.0000000000,100.0000000000,0.1000000000,10.0000000000,50.0000000000
45.0000000000,129.0000000000,0.0000333516,50.0000000000,100.0000000000,0.1000000000,10.0000000000,50.0000000000
45.0000000000,130.0000000000,0.0000264206,50.0000000000,100.0000000000,0.1000000000,10.0000000000,50.0000000000
45.0000000000,131.0000000000,0.0000209687,50.0000000000,100.0000000000,0.1000000000,10.0000000000,50.0000000000
45.0000000000,132.0000000000,0.0000152704,50.0000000000,100.0000000000,0.1000000000,10.0000000000,50.0000000000
45.0000000000,133.0000000000,0.0000113937,50.0000000000,100.0000000000,0.1000000000,10.0000000000,50.0000000000
45.0000000000,134.0000000000,0.0000079929,50.0000000000,100.0000000000,0.1000000000,10.0000000000,50.0000000000
45.0000000000,135.0000000000,0.0000062391,50.0000000000,100.0000000000,0.1000000000,10.0000000000,50.0000000000
45.0000000000,136.0000000000,0.0000042869,50.0000000000,100.0000000000,0.1000000000,10.0000000000,50.0000000000
45.0000000000,137.0000000000,0.0000031243,50.0000000000,100.0000000000,0.1000000000,10.0000000000,50.0000000000
45.0000000000,138.0000000000,0.0000024175,50.0000000000,100.0000000000,0.1000000000,10.0000000000,50.0000000000
45.0000000000,139.0000000000,0.0000016675,50.0000000000,100.0000000000,0.1000000000,10.0000000000,50.0000000000
45.0000000000,140.0000000000,0.0000011192,50.0000000000,100.0000000000,0.1000000000,10.0000000000,50.0000000000
45.0000000000,141.0000000000,0.0000008717,50.0000000000,100.0000000000,0.1000000000,10.0000000000,50.0000000000
45.0000000000,142.0000000000,0.0000007336,50.0000000000,100.0000000000,0.1000000000,10.0000000000,50.0000000000
45.0000000000,143.0000000000,0.0000005828,50.0000000000,100.0000000000,0.1000000000,10.0000000000,50.0000000000
45.0000000000,144.0000000000,0.0000003670,50.0000000000,100.0000000000,0.1000000000,10.0000000000,50.0000000000
45.0000000000,145.0000000000,0.0000001883,50.0000000000,100.0000000000,0.1000000000,10.0000000000,50.0000000000
45.0000000000,146.0000000000,0.0000000831,50.0000000000,100.0000000000,0.1000000000,10.0000000000,50.0000000000
45.0000000000,147.0000000000,0.0000000612,50.0000000000,100.0000000000,0.1000000000,10.0000000000,50.0000000000
45.0000000000,148.0000000000,0.0000000402,50.0000000000,100.0000000000,0.1000000000,10.0000000000,50.0000000000
45.0000000000,149.0000000000,0.0000000490,50.0000000000,100.0000000000,0.1000000000,10.0000000000,50.0000000000
45.0000000000,150.0000000000,0.0000000486,50.0000000000,100.0000000000,0.1000000000,10.0000000000,50.0000000000
45.0000000000,151.0000000000,0.0000000274,50.0000000000,100.0000000000,0.1000000000,10.0000000000,50.0000000000
45.0000000000,152.0000000000,0.0000000176,50.0000000000,100.0000000000,0.1000000000,10.0000000000,50.0000000000
45.0000000000,153.0000000000,0.0000000060,50.0000000000,100.0000000000,0.1000000000,10.0000000000,50.0000000000
45.0000000000,154.0000000000,0.0000000096,50.0000000000,100.0000000000,0.1000000000,10.0000000000,50.0000000000
45.0000000000,155.0000000000,0.0000000068,50.0000000000,100.0000000000,0.1000000000,10.0000000000,50.0000000000
45.0000000000,156.0000000000,0.0000000018,50.0000000000,100.0000000000,0.1000000000,10.0000000000,50.0000000000
46.0000000000,53.0000000000,0.0000000093,50.0000000000,100.0000000000,0.1000000000,10.0000000000,50.0000000000
46.0000000000,54.0000000000,0.0000000193,50.0000000000,100.0000000000,0.1000000000,10.0000000000,50.0000000000
46.0000000000,55.0000000000,0.0000000133,50.0000000000,100.0000000000,0.1000000000,10.0000000000,50.0000000000
46.0000000000,56.0000000000,0.0000000468,50.0000000000,100.0000000000,0.1000000000,10.0000000000,50.0000000000
46.0000000000,57.0000000000,0.0000000511,50.0000000000,100.0000000000,0.1000000000,10.0000000000,50.0000000000
46.0000000000,58.0000000000,0.0000001650,50.0000000000,100.0000000000,0.1000000000,10.0000000000,50.0000000000
46.0000000000,59.0000000000,0.0000002347,50.0000000000,100.0000000000,0.1000000000,10.0000000000,50.0000000000
46.0000000000,60.0000000000,0.0000002848,50.0000000000,100.0000000000,0.1000000000,10.0000000000,50.0000000000
46.0000000000,61.0000000000,0.0000005113,50.0000000000,100.0000000000,0.1000000000,10.0000000000,50.0000000000
46.0000000000,62.0000000000,0.0000007171,50.0000000000,100.0000000000,0.1000000000,10.0000000000,50.0000000000
46.0000000000,63.0000000000,0.0000012295,50.0000000000,100.0000000000,0.1000000000,10.0000000000,50.0000000000
46.0000000000,64.0000000000,0.0000015715,50.0000000000,100.0000000000,0.1000000000,10.0000000000,50.0000000000
46.0000000000,65.0000000000,0.0000028068,50.0000000000,100.0000000000,0.1000000000,10.0000000000,50.0000000000
46.0000000000,66.0000000000,0.0000040846,50.0000000000,100.0000000000,0.1000000000,10.0000000000,50.0000000000
46.0000000000,67.0000000000,0.0000059489,50.0000000000,100.0000000000,0.1000000000,10.0000000000,50.0000000000
46.0000000000,68.0000000000,0.0000088738,50.0000000000,100.0000000000,0.1000000000,10.0000000000,50.0000000000
46.0000000000,69.0000000000,0.0000121477,50.0000000000,100.0000000000,0.1000000000,10.0000000000,50.0000000000
46.0000000000,70.0000000000,0.0000171018,50.0000000000,100.0000000000,0.1000000000,10.0000000000,50.0000000000
46.0000000000,71.0000000000,0.0000239948,50.0000000000,100.0000000000,0.1000000000,10.0000000000,50.0000000000
46.0000000000,72.0000000000,0.0000330500,50.0000000000,100.0000000000,0.1000000000,10.0000000000,50.0000000000
46.0000000000,73.0000000000,0.0000454023,50.0000000000,100.0000000000,0.1000000000,10.0000000000,50.0000000000
46.0000000000,74.0000000000,0.0000597140,50.0000000000,100.0000000000,0.1000000000,10.0000000000,50.0000000000
46.0000000000,75.0000000000,0.0000776414,50.0000000000,100.0000000000,0.1000000000,10.0000000000,50.0000000000
46.0000000000,76.0000000000,0.0001039736,50.0000000000,100.0000000000,0.1000000000,10.0000000000,50.0000000000
46.0000000000,77.0000000000,0.0001344142,50.0000000000,100.0000000000,0.1000000000,10.0000000000,50.0000000000
46.0000000000,78.0000000000,0.0001692989,50.0000000000,100.0000000000,0.1000000000,10.0000000000,50.0000000000
46.0000000000,79.0000000000,0.0002145384,50.0000000000,100.0000000000,0.1000000000,10.0000000000,50.0000000000
46.0000000000,80.0000000000,0.0002655552,50.0000000000,100.0000000000,0.1000000000,10.0000000000,50.0000000000
46.0000000000,81.0000000000,0.0003262982,50.0000000000,100.0000000000,0.1000000000,10.0000000000,50.0000000000
46.0000000000,82.0000000000,0.0003935656,50.0000000000,100.0000000000,0.1000000000,10.0000000000,50.0000000000
46.0000000000,83.0000000000,0.0004708052,50.0000000000,100.0000000000,0.1000000000,10.0000000000,50.0000000000
46.0000000000,84.0000000000,0.0005613543,50.0000000000,100.0000000000,0.1000000000,10.0000000000,50.0000000000
46.0000000000,85.0000000000,0.0006615148,50.0000000000,100.0000000000,0.1000000000,10.0000000000,50.0000000000
46.0000000000,86.0000000000,0.0007682599,50.0000000000,100.0000000000,0.1000000000,10.0000000000,50.0000000000
46.0000000000,87.0000000000,0.0008825531,50.0000000000,100.0000000000,0.1000000000,10.0000000000,50.0000000000
46.0000000000,88.0000000000,0.0010015463,50.0000000000,100.0000000000,0.1000000000,10.0000000000,50.0000000000
46.0000000000,89.0000000000,0.0011205713,50.0000000000,100.0000000000,0.1000000000,10.0000000000,50.0000000000
46.0000000000,90.0000000000,0.0012461012,50.0000000000,100.0000000000,0.1000000000,10.0000000000,50.0000000000
46.0000000000,91.0000000000,0.0013699448,50.0000000000,100.0000000000,0.1000000000,10.0000000000,50.0000000000
46.0000000000,92.0000000000,0.0014872101,50.0000000000,100.0000000000,0.1000000000,10.0000000000,50.0000000000
46.0000000000,93.0000000000,0.0015947060,50.0000000000,100.0000000000,0.1000000000,10.0000000000,50.0000000000
46.0000000000,94.0000000000,0.0017015232,50.0000000000,100.0000000000,0.1000000000,10.0000000000,50.0000000000
46.0000000000,95.0000000000,0.0017890087,50.0000000000,100.0000000000,0.1000000000,10.0000000000,50.0000000000
46.0000000000,96.0000000000,0.0018641848,50.0000000000,100.0000000000,0.1000000000,10.0000000000,50.0000000000
46.0000000000,97.0000000000,0.0019207075,50.0000000000,100.0000000000,0.1000000000,10.0000000000,50.0000000000
46.0000000000,98.0000000000,0.0019643348,50.0000000000,100.0000000000,0.1000000000,10.0000000000,50.0000000000
46.0000000000,99.0000000000,0.0019794214,50.0000000000,100.0000000000,0.1000000000,10.0000000000,50.0000000000
46.0000000000,100.0000000000,0.0019846160,50.0000000000,100.0000000000,0.1000000000,10.0000000000,50.0000000000
46.0000000000,101.0000000000,0.0019657664,50.0000000000,100.0000000000,0.1000000000,10.0000000000,50.0000000000
46.0000000000,102.0000000000,0.0019192597,50.0000000000,100.0000000000,0.1000000000,10.0000000000,50.0000000000
46.0000000000,103.0000000000,0.0018701297,50.0000000000,100.0000000000,0.1000000000,10.0000000000,50.0000000000
46.0000000000,104.0000000000,0.0018038502,50.0000000000,100.0000000000,0.1000000000,10.0000000000,50.0000000000
46.0000000000,105.0000000000,0.0017121829,50.0000000000,100.0000000000,0.1000000000,10.0000000000,50.0000000000
46.0000000000,106.0000000000,0.0016086578,50.0000000000,100.0000000000,0.1000000000,10.0000000000,50.0000000000
46.0000000000,107.0000000000,0.0015034671,50.0000000000,100.0000000000,0.1000000000,10.0000000000,50.0000000000
46.0000000000,108.0000000000,0.0013899164,50.0000000000,100.0000000000,0.1000000000,10.0000000000,50.0000000000
46.0000000000,109.0000000000,0.0012761497,50.0000000000,100.0000000000,0.1000000000,10.0000000000,50.0000000000
46.0000000000,110.0000000000,0.0011590377,50.0000000000,100.0000000000,0.1000000000,10.0000000000,50.0000000000
46.0000000000,111.0000000000,0.0010419732,50.0000000000,100.0000000000,0.1000000000,10.0000000000,50.0000000000
46.0000000000,112.0000000000,0.0009365497,50.0000000000,100.0000000000,0.1000000000,10.0000000000,50.0000000000
46.0000000000,113.0000000000,0.0008234476,50.0000000000,100.0000000000,0.1000000000,10.0000000000,50.0000000000
46.0000000000,114.0000000000,0.0007230395,50.0000000000,100.0000000000,0.1000000000,10.0000000000,50.0000000000
46.0000000000,115.0000000000,0.0006263254,50.0000000000,100.0000000000,0.1000000000,10.0000000000,50.0000000000
46.0000000000,116.0000000000,0.0005398233,50.0000000000,100.0000000000,0.1000000000,10.0000000000,50.0000000000
46.0000000000,117.0000000000,0.0004613903,50.0000000000,100.0000000000,0.1000000000,10.0000000000,50.0000000000
46.0000000000,118.0000000000,0.0003915324,50.0000000000,100.0000000000,0.1000000000,10.0000000000,50.0000000000
46.0000000000,119.0000000000,0.0003306465,50.0000000000,100.0000000000,0.1000000000,10.0000000000,50.0000000000
46.0000000000,120.0000000000,0.0002729517,50.0000000000,100.0000000000,0.1000000000,10.0000000000,50.0000000000
46.0000000000,121.0000000000,0.0002269533,50.0000000000,100.0000000000,0.1000000000,10.0000000000,50.0000000000
46.0000000000,122.0000000000,0.0001868547,50.0000000000,100.0000000000,0.1000000000,10.0000000000,50.0000000000
46.0000000000,123.0000000000,0.0001524701,50.0000000000,100.0000000000,0.1000000000,10.0000000000,50.0000000000
46.0000000000,124.0000000000,0.0001233638,50.0000000000,100.0000000000,0.1000000000,10.0000000000,50.0000000000
46.0000000000,125.0000000000,0.0000980150,50.0000000000,100.0000000000,0.1000000000,10.0000000000,50.0000000000
46.0000000000,126.0000000000,0.0000781354,50.0000000000,100.0000000000,0.1000000000,10.0000000000,50.0000000000
46.0000000000,127.0000000000,0.0000615609,50.0000000000,100.0000000000,0.1000000000,10.0000000000,50.0000000000
46.0000000000,128.0000000000,0.0000473350,50.0000000000,100.0000000000,0.1000000000,10.0000000000,50.0000000000
46.0000000000,129.0000000000,0.0000367374,50.0000000000,100.0000000000,0.1000000000,10.0000000000,50.0000000000
46.0000000000,130.0000000000,0.0000279010,50.0000000000,100.0000000000,0.1000000000,10.0000000000,50.0000000000
46.0000000000,131.0000000000,0.0000224248,50.0000000000,100.0000000000,0.1000000000,10.0000000000,50.0000000000
46.0000000000,132.0000000000,0.0000166774,50.0000000000,100.0000000000,0.1000000000,10.0000000000,50.0000000000
46.0000000000,133.0000000000,0.0000130014,50.0000000000,100.0000000000,0.1000000000,10.0000000000,50.0000000000
46.0000000000,134.0000000000,0.0000089063,50.0000000000,100.0000000000,0.1000000000,10.0000000000,50.0000000000
46.0000000000,135.0000000000,0.0000068392,50.0000000000,100.0000000000,0.1000000000,10.0000000000,50.0000000000
46.0000000000,136.0000000000,0.0000047877,50.0000000000,100.0000000000,0.1000000000,10.0000000000,50.0000000000
46.0000000000,137.0000000000,0.0000034501,50.0000000000,100.0000000000,0.1000000000,10.0000000000,50.0000000000
46.0000000000,138.0000000000,0.0000025305,50.0000000000,100.0000000000,0.1000000000,10.0000000000,50.0000000000
46.0000000000,139.0000000000,0.0000019587,50.0000000000,100.0000000000,0.1000000000,10.0000000000,50.0000000000
46.0000000000,140.0000000000,0.0000013828,50.0000000000,100.0000000000,0.1000000000,10.0000000000,50.0000000000
46.0000000000,141.0000000000,0.0000009158,50.0000000000,100.0000000000,0.1000000000,10.0000000000,50.0000000000
46.0000000000,142.0000000000,0.0000006884,50.0000000000,100.0000000000,0.1000000000,10.0000000000,50.0000000000
46.0000000000,143.0000000000,0.0000004659,50.0000000000,100.0000000000,0.1000000000,10.0000000000,50.0000000000
46.0000000000,144.0000000000,0.0000003583,50.0000000000,100.0000000000,0.1000000000,10.0000000000,50.0000000000
46.0000000000,145.0000000000,0.0000002327,50.0000000000,100.0000000000,0.1000000000,10.0000000000,50.0000000000
46.0000000000,146.0000000000,0.0000001175,50.0000000000,100.0000000000,0.1000000000,10.0000000000,50.0000000000
46.0000000000,147.0000000000,0.0000000446,50.0000000000,100.0000000000,0.1000000000,10.0000000000,50.0000000000
46.0000000000,148.0000000000,0.0000000410,50.0000000000,100.0000000000,0.1000000000,10.0000000000,50.0000000000
46.0000000000,149.0000000000,0.0000000808,50.0000000000,100.0000000000,0.1000000000,10.0000000000,50.0000000000
46.0000000000,150.0000000000,0.0000000371,50.0000000000,100.0000000000,0.1000000000,10.0000000000,50.0000000000
46.0000000000,151.0000000000,0.0000000147,50.0000000000,100.0000000000,0.1000000000,10.0000000000,50.0000000000
46.0000000000,152.0000000000,0.0000000200,50.0000000000,100.0000000000,0.1000000000,10.0000000000,50.0000000000
46.0000000000,153.0000000000,0.0000000077,50.0000000000,100.0000000000,0.1000000000,10.0000000000,50.0000000000
46.0000000000,154.0000000000,0.0000000078,50.0000000000,100.0000000000,0.1000000000,10.0000000000,50.0000000000
46.0000000000,155.0000000000,0.0000000253,50.0000000000,100.0000000000,0.1000000000,10.0000000000,50.0000000000
46.0000000000,156.0000000000,0.0000000021,50.0000000000,100.0000000000,0.1000000000,10.0000000000,50.0000000000
47.0000000000,53.0000000000,0.0000000069,50.0000000000,100.0000000000,0.1000000000,10.0000000000,50.0000000000
47.0000000000,54.0000000000,0.0000000022,50.0000000000,100.0000000000,0.1000000000,10.0000000000,50.0000000000
47.0000000000,55.0000000000,0.0000000051,50.0000000000,100.0000000000,0.1000000000,10.0000000000,50.0000000000
47.0000000000,56.0000000000,0.0000000279,50.0000000000,100.0000000000,0.1000000000,10.0000000000,50.0000000000
47.0000000000,57.0000000000,0.0000000664,50.0000000000,100.0000000000,0.1000000000,10.0000000000,50.0000000000
47.0000000000,58.0000000000,0.0000000807,50.0000000000,100.0000000000,0.1000000000,10.0000000000,50.0000000000
47.0000000000,59.0000000000,0.0000001704,50.0000000000,100.0000000000,0.1000000000,10.0000000000,50.0000000000
47.0000000000,60.0000000000,0.0000002179,50.0000000000,100.0000000000,0.1000000000,10.0000000000,50.0000000000
47.0000000000,61.0000000000,0.0000004527,50.0000000000,100.0000000000,0.1000000000,10.0000000000,50.0000000000
47.0000000000,62.0000000000,0.0000008002,50.0000000000,100.0000000000,0.1000000000,10.0000000000,50.0000000000
47.0000000000,63.0000000000,0.0000012135,50.0000000000,100.0000000000,0.1000000000,10.0000000000,50.0000000000
47.0000000000,64.0000000000,0.0000016896,50.0000000000,100.0000000000,0.1000000000,10.0000000000,50.0000000000
47.0000000000,65.0000000000,0.0000027907,50.0000000000,100.0000000000,0.1000000000,10.0000000000,50.0000000000
47.0000000000,66.0000000000,0.0000040825,50.0000000000,100.0000000000,0.1000000000,10.0000000000,50.0000000000
47.0000000000,67.0000000000,0.0000059284,50.0000000000,100.0000000000,0.1000000000,10.0000000000,50.0000000000
47.0000000000,68.0000000000,0.0000090033,50.0000000000,100.0000000000,0.1000000000,10.0000000000,50.0000000000
47.0000000000,69.0000000000,0.0000125318,50.0000000000,100.0000000000,0.1000000000,10.0000000000,50.0000000000
47.0000000000,70.0000000000,0.0000180822,50.0000000000,100.0000000000,0.1000000000,10.0000000000,50.0000000000
47.0000000000,71.0000000000,0.0000251899,50.0000000000,100.0000000000,0.1000000000,10.0000000000,50.0000000000
47.0000000000,72.0000000000,0.0000342806,50.0000000000,100.0000000000,0.1000000000,10.0000000000,50.0000000000
47.0000000000,73.0000000000,0.0000463041,50.0000000000,100.0000000000,0.1000000000,10.0000000000,50.0000000000
47.0000000000,74.0000000000,0.0000616115,50.0000000000,100.0000000000,0.1000000000,10.0000000000,50.0000000000
47.0000000000,75.0000000000,0.0000814374,50.0000000000,100.0000000000,0.1000000000,10.0000000000,50.0000000000
47.0000000000,76.0000000000,0.0001086646,50.0000000000,100.0000000000,0.1000000000,10.0000000000,50.0000000000
47.0000000000,77.0000000000,0.0001412266,50.0000000000,100.0000000000,0.1000000000,10.0000000000,50.0000000000
47.0000000000,78.0000000000,0.0001784881,50.0000000000,100.0000000000,0.1000000000,10.0000000000,50.0000000000
47.0000000000,79.0000000000,0.0002258384,50.0000000000,100.0000000000,0.1000000000,10.0000000000,50.0000000000
47.0000000000,80.0000000000,0.0002813802,50.0000000000,100.0000000000,0.1000000000,10.0000000000,50.0000000000
47.0000000000,81.0000000000,0.0003430811,50.0000000000,100.0000000000,0.1000000000,10.0000000000,50.0000000000
47.0000000000,82.0000000000,0.0004166996,50.0000000000,100.0000000000,0.1000000000,10.0000000000,50.0000000000
47.0000000000,83.0000000000,0.0005013059,50.0000000000,100.0000000000,0.1000000000,10.0000000000,50.0000000000
47.0000000000,84.0000000000,0.0005957831,50.0000000000,100.0000000000,0.1000000000,10.0000000000,50.0000000000
47.0000000000,85.0000000000,0.0007011666,50.0000000000,100.0000000000,0.1000000000,10.0000000000,50.0000000000
47.0000000000,86.0000000000,0.0008141631,50.0000000000,100.0000000000,0.1000000000,10.0000000000,50.0000000000
47.0000000000,87.0000000000,0.0009360343,50.0000000000,100.0000000000,0.1000000000,10.0000000000,50.0000000000
47.0000000000,88.0000000000,0.0010654189,50.0000000000,100.0000000000,0.1000000000,10.0000000000,50.0000000000
47.0000000000,89.0000000000,0.0011903125,50.0000000000,100.0000000000,0.1000000000,10.0000000000,50.0000000000
47.0000000000,90.0000000000,0.0013250632,50.0000000000,100.0000000000,0.1000000000,10.0000000000,50.0000000000
47.0000000000,91.0000000000,0.0014538988,50.0000000000,100.0000000000,0.1000000000,10.0000000000,50.0000000000
47.0000000000,92.0000000000,0.0015788886,50.0000000000,100.0000000000,0.1000000000,10.0000000000,50.0000000000
47.0000000000,93.0000000000,0.0017029774,50.0000000000,100.0000000000,0.1000000000,10.0000000000,50.0000000000
47.0000000000,94.0000000000,0.0018155424,50.0000000000,100.0000000000,0.1000000000,10.0000000000,50.0000000000
47.0000000000,95.0000000000,0.0019044080,50.0000000000,100.0000000000,0.1000000000,10.0000000000,50.0000000000
47.0000000000,96.0000000000,0.0019835572,50.0000000000,100.0000000000,0.1000000000,10.0000000000,50.0000000000
47.0000000000,97.0000000000,0.0020428316,50.0000000000,100.0000000000,0.1000000000,10.0000000000,50.0000000000
47.0000000000,98.0000000000,0.0020877317,50.0000000000,100.0000000000,0.1000000000,10.0000000000,50.0000000000
47.0000000000,99.0000000000,0.0021010715,50.0000000000,100.0000000000,0.1000000000,10.0000000000,50.0000000000
47.0000000000,100.0000000000,0.0021152202,50.0000000000,100.0000000000,0.1000000000,10.0000000000,50.0000000000
47.0000000000,101.0000000000,0.0020940760,50.0000000000,100.0000000000,0.1000000000,10.0000000000,50.0000000000
47.0000000000,102.0000000000,0.0020493215,50.0000000000,100.0000000000,0.1000000000,10.0000000000,50.0000000000
47.0000000000,103.0000000000,0.0019958571,50.0000000000,100.0000000000,0.1000000000,10.0000000000,50.0000000000
47.0000000000,104.0000000000,0.0019172737,50.0000000000,100.0000000000,0.1000000000,10.0000000000,50.0000000000
47.0000000000,105.0000000000,0.0018201401,50.0000000000,100.0000000000,0.1000000000,10.0000000000,50.0000000000
47.0000000000,106.0000000000,0.0017161359,50.0000000000,100.0000000000,0.1000000000,10.0000000000,50.0000000000
47.0000000000,107.0000000000,0.0016067016,50.0000000000,100.0000000000,0.1000000000,10.0000000000,50.0000000000
47.0000000000,108.0000000000,0.0014809899,50.0000000000,100.0000000000,0.1000000000,10.0000000000,50.0000000000
47.0000000000,109.0000000000,0.0013580624,50.0000000000,100.0000000000,0.1000000000,10.0000000000,50.0000000000
47.0000000000,110.0000000000,0.0012356527,50.0000000000,100.0000000000,0.1000000000,10.0000000000,50.0000000000
47.0000000000,111.0000000000,0.0011096648,50.0000000000,100.0000000000,0.1000000000,10.0000000000,50.0000000000
47.0000000000,112.0000000000,0.0009943015,50.0000000000,100.0000000000,0.1000000000,10.0000000000,50.0000000000
47.0000000000,113.0000000000,0.0008784901,50.0000000000,100.0000000000,0.1000000000,10.0000000000,50.0000000000
47.0000000000,114.0000000000,0.0007710353,50.0000000000,100.0000000000,0.1000000000,10.0000000000,50.0000000000
47.0000000000,115.0000000000,0.0006658495,50.0000000000,100.0000000000,0.1000000000,10.0000000000,50.0000000000
47.0000000000,116.0000000000,0.0005771451,50.0000000000,100.0000000000,0.1000000000,10.0000000000,50.0000000000
47.0000000000,117.0000000000,0.0004929622,50.0000000000,100.0000000000,0.1000000000,10.0000000000,50.0000000000
47.0000000000,118.0000000000,0.0004172339,50.0000000000,100.0000000000,0.1000000000,10.0000000000,50.0000000000
47.0000000000,119.0000000000,0.0003511507,50.0000000000,100.0000000000,0.1000000000,10.0000000000,50.0000000000
47.0000000000,120.0000000000,0.0002925645,50.0000000000,100.0000000000,0.1000000000,10.0000000000,50.0000000000
47.0000000000,121.0000000000,0.0002424755,50.0000000000,100.0000000000,0.1000000000,10.0000000000,50.0000000000
47.0000000000,122.0000000000,0.0001974150,50.0000000000,100.0000000000,0.1000000000,10.0000000000,50.0000000000
47.0000000000,123.0000000000,0.0001629509,50.0000000000,100.0000000000,0.1000000000,10.0000000000,50.0000000000
47.0000000000,124.0000000000,0.0001313984,50.0000000000,100.0000000000,0.1000000000,10.0000000000,50.0000000000
47.0000000000,125.0000000000,0.0001050888,50.0000000000,100.0000000000,0.1000000000,10.0000000000,50.0000000000
47.0000000000,126.0000000000,0.0000828111,50.0000000000,100.0000000000,0.1000000000,10.0000000000,50.0000000000
47.0000000000,127.0000000000,0.0000655055,50.0000000000,100.0000000000,0.1000000000,10.0000000000,50.0000000000
47.0000000000,128.0000000000,0.0000502130,50.0000000000,100.0000000000,0.1000000000,10.0000000000,50.0000000000
47.0000000000,129.0000000000,0.0000393428,50.0000000000,100.0000000000,0.1000000000,10.0000000000,50.0000000000
47.0000000000,130.0000000000,0.0000299302,50.0000000000,100.0000000000,0.1000000000,10.0000000000,50.0000000000
47.0000000000,131.0000000000,0.0000227632,50.0000000000,100.0000000000,0.1000000000,10.0000000000,50.0000000000
47.0000000000,132.0000000000,0.0000175083,50.0000000000,100.0000000000,0.1000000000,10.0000000000,50.0000000000
47.0000000000,133.0000000000,0.0000136167,50.0000000000,100.0000000000,0.1000000000,10.0000000000,50.0000000000
47.0000000000,134.0000000000,0.0000101766,50.0000000000,100.0000000000,0.1000000000,10.0000000000,50.0000000000
47.0000000000,135.0000000000,0.0000071482,50.0000000000,100.0000000000,0.1000000000,10.0000000000,50.0000000000
47.0000000000,136.0000000000,0.0000052279,50.0000000000,100.0000000000,0.1000000000,10.0000000000,50.0000000000
47.0000000000,137.0000000000,0.0000039782,50.0000000000,100.0000000000,0.1000000000,10.0000000000,50.0000000000
47.0000000000,138.0000000000,0.0000028560,50.0000000000,100.0000000000,0.1000000000,10.0000000000,50.0000000000
47.0000000000,139.0000000000,0.0000019271,50.0000000000,100.0000000000,0.1000000000,10.0000000000,50.0000000000
47.0000000000,140.0000000000,0.0000014341,50.0000000000,100.0000000000,0.1000000000,10.0000000000,50.0000000000
47.0000000000,141.0000000000,0.0000010097,50.0000000000,100.0000000000,0.1000000000,10.0000000000,50.0000000000
47.0000000000,142.0000000000,0.0000006615,50.0000000000,100.0000000000,0.1000000000,10.0000000000,50.0000000000
47.0000000000,143.0000000000,0.0000005085,50.0000000000,100.0000000000,0.1000000000,10.0000000000,50.0000000000
47.0000000000,144.0000000000,0.0000003610,50.0000000000,100.0000000000,0.1000000000,10.0000000000,50.0000000000
47.0000000000,145.0000000000,0.0000002041,50.0000000000,100.0000000000,0.1000000000,10.0000000000,50.0000000000
47.0000000000,146.0000000000,0.0000001798,50.0000000000,100.0000000000,0.1000000000,10.0000000000,50.0000000000
47.0000000000,147.0000000000,0.0000000709,50.0000000000,100.0000000000,0.1000000000,10.0000000000,50.0000000000
47.0000000000,148.0000000000,0.0000000641,50.0000000000,100.0000000000,0.1000000000,10.0000000000,50.0000000000
47.0000000000,149.0000000000,0.0000000448,50.0000000000,100.0000000000,0.1000000000,10.0000000000,50.0000000000
47.0000000000,150.0000000000,0.0000000548,50.0000000000,100.0000000000,0.1000000000,10.0000000000,50.0000000000
47.0000000000,151.0000000000,0.0000000057,50.0000000000,100.0000000000,0.1000000000,10.0000000000,50.0000000000
47.0000000000,152.0000000000,0.0000000110,50.0000000000,100.0000000000,0.1000000000,10.0000000000,50.0000000000
47.0000000000,153.0000000000,0.0000000037,50.0000000000,100.0000000000,0.1000000000,10.0000000000,50.0000000000
47.0000000000,154.0000000000,0.0000000051,50.0000000000,100.0000000000,0.1000000000,10.0000000000,50.0000000000
47.0000000000,155.0000000000,0.0000000129,50.0000000000,100.0000000000,0.1000000000,10.0000000000,50.0000000000
47.0000000000,156.0000000000,0.0000000006,50.0000000000,100.0000000000,0.1000000000,10.0000000000,50.0000000000
48.0000000000,53.0000000000,0.0000000132,50.0000000000,100.0000000000,0.1000000000,10.0000000000,50.0000000000
48.0000000000,54.0000000000,0.0000000028,50.0000000000,100.0000000000,0.1000000000,10.0000000000,50.0000000000
48.0000000000,56.0000000000,0.0000000210,50.0000000000,100.0000000000,0.1000000000,10.0000000000,50.0000000000
48.0000000000,57.0000000000,0.0000000341,50.0000000000,100.0000000000,0.1000000000,10.0000000000,50.0000000000
48.0000000000,58.0000000000,0.0000000515,50.0000000000,100.0000000000,0.1000000000,10.0000000000,50.0000000000
48.0000000000,59.0000000000,0.0000001254,50.0000000000,100.0000000000,0.1000000000,10.0000000000,50.0000000000
48.0000000000,60.0000000000,0.0000002280,50.0000000000,100.0000000000,0.1000000000,10.0000000000,50.0000000000
48.0000000000,61.0000000000,0.0000004215,50.0000000000,100.0000000000,0.1000000000,10.0000000000,50.0000000000
48.0000000000,62.0000000000,0.0000008325,50.0000000000,100.0000000000,0.1000000000,10.0000000000,50.0000000000
48.0000000000,63.0000000000,0.0000012294,50.0000000000,100.0000000000,0.1000000000,10.0000000000,50.0000000000
48.0000000000,64.0000000000,0.0000016727,50.0000000000,100.0000000000,0.1000000000,10.0000000000,50.0000000000
48.0000000000,65.0000000000,0.0000028945,50.0000000000,100.0000000000,0.1000000000,10.0000000000,50.0000000000
48.0000000000,66.0000000000,0.0000041037,50.0000000000,100.0000000000,0.1000000000,10.0000000000,50.0000000000
48.0000000000,67.0000000000,0.0000060132,50.0000000000,100.0000000000,0.1000000000,10.0000000000,50.0000000000
48.0000000000,68.0000000000,0.0000089489,50.0000000000,100.0000000000,0.1000000000,10.0000000000,50.0000000000
48.0000000000,69.0000000000,0.0000130146,50.0000000000,100.0000000000,0.1000000000,10.0000000000,50.0000000000
48.0000000000,70.0000000000,0.0000184629,50.0000000000,100.0000000000,0.1000000000,10.0000000000,50.0000000000
48.0000000000,71.0000000000,0.0000258522,50.0000000000,100.0000000000,0.1000000000,10.0000000000,50.0000000000
48.0000000000,72.0000000000,0.0000349067,50.0000000000,100.0000000000,0.1000000000,10.0000000000,50.0000000000
48.0000000000,73.0000000000,0.0000481076,50.0000000000,100.0000000000,0.1000000000,10.0000000000,50.0000000000
48.0000000000,74.0000000000,0.0000638784,50.0000000000,100.0000000000,0.1000000000,10.0000000000,50.0000000000
48.0000000000,75.0000000000,0.0000843383,50.0000000000,100.0000000000,0.1000000000,10.0000000000,50.0000000000
48.0000000000,76.0000000000,0.0001117678,50.0000000000,100.0000000000,0.1000000000,10.0000000000,50.0000000000
48.0000000000,77.0000000000,0.0001447696,50.0000000000,100.0000000000,0.1000000000,10.0000000000,50.0000000000
48.0000000000,78.0000000000,0.0001854421,50.0000000000,100.0000000000,0.1000000000,10.0000000000,50.0000000000
48.0000000000,79.0000000000,0.0002339465,50.0000000000,100.0000000000,0.1000000000,10.0000000000,50.0000000000
48.0000000000,80.0000000000,0.0002890157,50.0000000000,100.0000000000,0.1000000000,10.0000000000,50.0000000000
48.0000000000,81.0000000000,0.0003560850,50.0000000000,100.0000000000,0.1000000000,10.0000000000,50.0000000000
48.0000000000,82.0000000000,0.0004333077,50.0000000000,100.0000000000,0.1000000000,10.0000000000,50.0000000000
48.0000000000,83.0000000000,0.0005185711,50.0000000000,100.0000000000,0.1000000000,10.0000000000,50.0000000000
48.0000000000,84.0000000000,0.0006194089,50.0000000000,100.0000000000,0.1000000000,10.0000000000,50.0000000000
48.0000000000,85.0000000000,0.0007278220,50.0000000000,100.0000000000,0.1000000000,10.0000000000,50.0000000000
48.0000000000,86.0000000000,0.0008467616,50.0000000000,100.0000000000,0.1000000000,10.0000000000,50.0000000000
48.0000000000,87.0000000000,0.0009744605,50.0000000000,100.0000000000,0.1000000000,10.0000000000,50.0000000000
48.0000000000,88.0000000000,0.0011082903,50.0000000000,100.0000000000,0.1000000000,10.0000000000,50.0000000000
48.0000000000,89.0000000000,0.0012374852,50.0000000000,100.0000000000,0.1000000000,10.0000000000,50.0000000000
48.0000000000,90.0000000000,0.0013767591,50.0000000000,100.0000000000,0.1000000000,10.0000000000,50.0000000000
48.0000000000,91.0000000000,0.0015154652,50.0000000000,100.0000000000,0.1000000000,10.0000000000,50.0000000000
48.0000000000,92.0000000000,0.0016446986,50.0000000000,100.0000000000,0.1000000000,10.0000000000,50.0000000000
48.0000000000,93.0000000000,0.0017796011,50.0000000000,100.0000000000,0.1000000000,10.0000000000,50.0000000000
48.0000000000,94.0000000000,0.0018833714,50.0000000000,100.0000000000,0.1000000000,10.0000000000,50.0000000000
48.0000000000,95.0000000000,0.0019874323,50.0000000000,100.0000000000,0.1000000000,10.0000000000,50.0000000000
48.0000000000,96.0000000000,0.0020643489,50.0000000000,100.0000000000,0.1000000000,10.0000000000,50.0000000000
48.0000000000,97.0000000000,0.0021270870,50.0000000000,100.0000000000,0.1000000000,10.0000000000,50.0000000000
48.0000000000,98.0000000000,0.0021782258,50.0000000000,100.0000000000,0.1000000000,10.0000000000,50.0000000000
48.0000000000,99.0000000000,0.0021952217,50.0000000000,100.0000000000,0.1000000000,10.0000000000,50.0000000000
48.0000000000,100.0000000000,0.0022044670,50.0000000000,100.0000000000,0.1000000000,10.0000000000,50.0000000000
48.0000000000,101.0000000000,0.0021832702,50.0000000000,100.0000000000,0.1000000000,10.0000000000,50.0000000000
48.0000000000,102.0000000000,0.0021419941,50.0000000000,100.0000000000,0.1000000000,10.0000000000,50.0000000000
48.0000000000,103.0000000000,0.0020869789,50.0000000000,100.0000000000,0.1000000000,10.0000000000,50.0000000000
48.0000000000,104.0000000000,0.0020024897,50.0000000000,100.0000000000,0.1000000000,10.0000000000,50.0000000000
48.0000000000,105.0000000000,0.0019050514,50.0000000000,100.0000000000,0.1000000000,10.0000000000,50.0000000000
48.0000000000,106.0000000000,0.0017943546,50.0000000000,100.0000000000,0.1000000000,10.0000000000,50.0000000000
48.0000000000,107.0000000000,0.0016738535,50.0000000000,100.0000000000,0.1000000000,10.0000000000,50.0000000000
48.0000000000,108.0000000000,0.0015435764,50.0000000000,100.0000000000,0.1000000000,10.0000000000,50.0000000000
48.0000000000,109.0000000000,0.0014213194,50.0000000000,100.0000000000,0.1000000000,10.0000000000,50.0000000000
48.0000000000,110.0000000000,0.0012891118,50.0000000000,100.0000000000,0.1000000000,10.0000000000,50.0000000000
48.0000000000,111.0000000000,0.0011555715,50.0000000000,100.0000000000,0.1000000000,10.0000000000,50.0000000000
48.0000000000,112.0000000000,0.0010373948,50.0000000000,100.0000000000,0.1000000000,10.0000000000,50.0000000000
48.0000000000,113.0000000000,0.0009180405,50.0000000000,100.0000000000,0.1000000000,10.0000000000,50.0000000000
48.0000000000,114.0000000000,0.0008098890,50.0000000000,100.0000000000,0.1000000000,10.0000000000,50.0000000000
48.0000000000,115.0000000000,0.0006959125,50.0000000000,100.0000000000,0.1000000000,10.0000000000,50.0000000000
48.0000000000,116.0000000000,0.0006015996,50.0000000000,100.0000000000,0.1000000000,10.0000000000,50.0000000000
48.0000000000,117.0000000000,0.0005116331,50.0000000000,100.0000000000,0.1000000000,10.0000000000,50.0000000000
48.0000000000,118.0000000000,0.0004346003,50.0000000000,100.0000000000,0.1000000000,10.0000000000,50.0000000000
48.0000000000,119.0000000000,0.0003649215,50.0000000000,100.0000000000,0.1000000000,10.0000000000,50.0000000000
48.0000000000,120.0000000000,0.0003060900,50.0000000000,100.0000000000,0.1000000000,10.0000000000,50.0000000000
48.0000000000,121.0000000000,0.0002517149,50.0000000000,100.0000000000,0.1000000000,10.0000000000,50.0000000000
48.0000000000,122.0000000000,0.0002050195,50.0000000000,100.0000000000,0.1000000000,10.0000000000,50.0000000000
48.0000000000,123.0000000000,0.0001692073,50.0000000000,100.0000000000,0.1000000000,10.0000000000,50.0000000000
48.0000000000,124.0000000000,0.0001362546,50.0000000000,100.0000000000,0.1000000000,10.0000000000,50.0000000000
48.0000000000,125.0000000000,0.0001082554,50.0000000000,100.0000000000,0.1000000000,10.0000000000,50.0000000000
48.0000000000,126.0000000000,0.0000867061,50.0000000000,100.0000000000,0.1000000000,10.0000000000,50.0000000000
48.0000000000,127.0000000000,0.0000679973,50.0000000000,100.0000000000,0.1000000000,10.0000000000,50.0000000000
48.0000000000,128.0000000000,0.0000521278,50.0000000000,100.0000000000,0.1000000000,10.0000000000,50.0000000000
48.0000000000,129.0000000000,0.0000406315,50.0000000000,100.0000000000,0.1000000000,10.0000000000,50.0000000000
48.0000000000,130.0000000000,0.0000306654,50.0000000000,100.0000000000,0.1000000000,10.0000000000,50.0000000000
48.0000000000,131.0000000000,0.0000238922,50.0000000000,100.0000000000,0.1000000000,10.0000000000,50.0000000000
48.0000000000,132.0000000000,0.0000183245,50.0000000000,100.0000000000,0.1000000000,10.0000000000,50.0000000000
48.0000000000,133.0000000000,0.0000139580,50.0000000000,100.0000000000,0.1000000000,10.0000000000,50.0000000000
48.0000000000,134.0000000000,0.0000103641,50.0000000000,100.0000000000,0.1000000000,10.0000000000,50.0000000000
48.0000000000,135.0000000000,0.0000072937,50.0000000000,100.0000000000,0.1000000000,10.0000000000,50.0000000000
48.0000000000,136.0000000000,0.0000054457,50.0000000000,100.0000000000,0.1000000000,10.0000000000,50.0000000000
48.0000000000,137.0000000000,0.0000041499,50.0000000000,100.0000000000,0.1000000000,10.0000000000,50.0000000000
48.0000000000,138.0000000000,0.0000030290,50.0000000000,100.0000000000,0.1000000000,10.0000000000,50.0000000000
48.0000000000,139.0000000000,0.0000022342,50.0000000000,100.0000000000,0.1000000000,10.0000000000,50.0000000000
48.0000000000,140.0000000000,0.0000015833,50.0000000000,100.0000000000,0.1000000000,10.0000000000,50.0000000000
48.0000000000,141.0000000000,0.0000010522,50.0000000000,100.0000000000,0.1000000000,10.0000000000,50.0000000000
48.0000000000,142.0000000000,0.0000007258,50.0000000000,100.0000000000,0.1000000000,10.0000000000,50.0000000000
48.0000000000,143.0000000000,0.0000005005,50.0000000000,100.0000000000,0.1000000000,10.0000000000,50.0000000000
48.0000000000,144.0000000000,0.0000003894,50.0000000000,100.0000000000,0.1000000000,10.0000000000,50.0000000000
48.0000000000,145.0000000000,0.0000001963,50.0000000000,100.0000000000,0.1000000000,10.0000000000,50.0000000000
48.0000000000,146.0000000000,0.0000001865,50.0000000000,100.0000000000,0.1000000000,10.0000000000,50.0000000000
48.0000000000,147.0000000000,0.0000000995,50.0000000000,100.0000000000,0.1000000000,10.0000000000,50.0000000000
48.0000000000,148.0000000000,0.0000000361,50.0000000000,100.0000000000,0.1000000000,10.0000000000,50.0000000000
48.0000000000,149.0000000000,0.0000000577,50.0000000000,100.0000000000,0.1000000000,10.0000000000,50.0000000000
48.0000000000,150.0000000000,0.0000000360,50.0000000000,100.0000000000,0.1000000000,10.0000000000,50.0000000000
48.0000000000,151.0000000000,0.0000000141,50.0000000000,100.0000000000,0.1000000000,10.0000000000,50.0000000000
48.0000000000,152.0000000000,0.0000000113,50.0000000000,100.0000000000,0.1000000000,10.0000000000,50.0000000000
48.0000000000,153.0000000000,0.0000000036,50.0000000000,100.0000000000,0.1000000000,10.0000000000,50.0000000000
48.0000000000,154.0000000000,0.0000000127,50.0000000000,100.0000000000,0.1000000000,10.0000000000,50.0000000000
48.0000000000,155.0000000000,0.0000000007,50.0000000000,100.0000000000,0.1000000000,10.0000000000,50.0000000000
49.0000000000,53.0000000000,0.0000000059,50.0000000000,100.0000000000,0.1000000000,10.0000000000,50.0000000000
49.0000000000,54.0000000000,0.0000000001,50.0000000000,100.0000000000,0.1000000000,10.0000000000,50.0000000000
49.0000000000,56.0000000000,0.0000000208,50.0000000000,100.0000000000,0.1000000000,10.0000000000,50.0000000000
49.0000000000,57.0000000000,0.0000000244,50.0000000000,100.0000000000,0.1000000000,10.0000000000,50.0000000000
49.0000000000,58.0000000000,0.0000000499,50.0000000000,100.0000000000,0.1000000000,10.0000000000,50.0000000000
49.0000000000,59.0000000000,0.0000001067,50.0000000000,100.0000000000,0.1000000000,10.0000000000,50.0000000000
49.0000000000,60.0000000000,0.0000002035,50.0000000000,100.0000000000,0.1000000000,10.0000000000,50.0000000000
49.0000000000,61.0000000000,0.0000004045,50.0000000000,100.0000000000,0.1000000000,10.0000000000,50.0000000000
49.0000000000,62.0000000000,0.0000007243,50.0000000000,100.0000000000,0.1000000000,10.0000000000,50.0000000000
49.0000000000,63.0000000000,0.0000010818,50.0000000000,100.0000000000,0.1000000000,10.0000000000,50.0000000000
49.0000000000,64.0000000000,0.0000016098,50.0000000000,100.0000000000,0.1000000000,10.0000000000,50.0000000000
49.0000000000,65.0000000000,0.0000026208,50.0000000000,100.0000000000,0.1000000000,10.0000000000,50.0000000000
49.0000000000,66.0000000000,0.0000039467,50.0000000000,100.0000000000,0.1000000000,10.0000000000,50.0000000000
49.0000000000,67.0000000000,0.0000057469,50.0000000000,100.0000000000,0.1000000000,10.0000000000,50.0000000000
49.0000000000,68.0000000000,0.0000089395,50.0000000000,100.0000000000,0.1000000000,10.0000000000,50.0000000000
49.0000000000,69.0000000000,0.0000129750,50.0000000000,100.0000000000,0.1000000000,10.0000000000,50.0000000000
49.0000000000,70.0000000000,0.0000181040,50.0000000000,100.0000000000,0.1000000000,10.0000000000,50.0000000000
49.0000000000,71.0000000000,0.0000252595,50.0000000000,100.0000000000,0.1000000000,10.0000000000,50.0000000000
49.0000000000,72.0000000000,0.0000349734,50.0000000000,100.0000000000,0.1000000000,10.0000000000,50.0000000000
49.0000000000,73.0000000000,0.0000489487,50.0000000000,100.0000000000,0.1000000000,10.0000000000,50.0000000000
49.0000000000,74.0000000000,0.0000646274,50.0000000000,100.0000000000,0.1000000000,10.0000000000,50.0000000000
49.0000000000,75.0000000000,0.0000845328,50.0000000000,100.0000000000,0.1000000000,10.0000000000,50.0000000000
49.0000000000,76.0000000000,0.0001114492,50.0000000000,100.0000000000,0.1000000000,10.0000000000,50.0000000000
49.0000000000,77.0000000000,0.0001450078,50.0000000000,100.0000000000,0.1000000000,10.0000000000,50.0000000000
49.0000000000,78.0000000000,0.0001872566,50.0000000000,100.0000000000,0.1000000000,10.0000000000,50.0000000000
49.0000000000,79.0000000000,0.0002361689,50.0000000000,100.0000000000,0.1000000000,10.0000000000,50.0000000000
49.0000000000,80.0000000000,0.0002953977,50.0000000000,100.0000000000,0.1000000000,10.0000000000,50.0000000000
49.0000000000,81.0000000000,0.0003623766,50.0000000000,100.0000000000,0.1000000000,10.0000000000,50.0000000000
49.0000000000,82.0000000000,0.0004406148,50.0000000000,100.0000000000,0.1000000000,10.0000000000,50.0000000000
49.0000000000,83.0000000000,0.0005294151,50.0000000000,100.0000000000,0.1000000000,10.0000000000,50.0000000000
49.0000000000,84.0000000000,0.0006286111,50.0000000000,100.0000000000,0.1000000000,10.0000000000,50.0000000000
49.0000000000,85.0000000000,0.0007434503,50.0000000000,100.0000000000,0.1000000000,10.0000000000,50.0000000000
49.0000000000,86.0000000000,0.0008598573,50.0000000000,100.0000000000,0.1000000000,10.0000000000,50.0000000000
49.0000000000,87.0000000000,0.0009897362,50.0000000000,100.0000000000,0.1000000000,10.0000000000,50.0000000000
49.0000000000,88.0000000000,0.0011326179,50.0000000000,100.0000000000,0.1000000000,10.0000000000,50.0000000000
49.0000000000,89.0000000000,0.0012618008,50.0000000000,100.0000000000,0.1000000000,10.0000000000,50.0000000000
49.0000000000,90.0000000000,0.0014078212,50.0000000000,100.0000000000,0.1000000000,10.0000000000,50.0000000000
49.0000000000,91.0000000000,0.0015465138,50.0000000000,100.0000000000,0.1000000000,10.0000000000,50.0000000000
49.0000000000,92.0000000000,0.0016828716,50.0000000000,100.0000000000,0.1000000000,10.0000000000,50.0000000000
49.0000000000,93.0000000000,0.0018056232,50.0000000000,100.0000000000,0.1000000000,10.0000000000,50.0000000000
49.0000000000,94.0000000000,0.0019256018,50.0000000000,100.0000000000,0.1000000000,10.0000000000,50.0000000000
49.0000000000,95.0000000000,0.0020334490,50.0000000000,100.0000000000,0.1000000000,10.0000000000,50.0000000000
49.0000000000,96.0000000000,0.0021119681,50.0000000000,100.0000000000,0.1000000000,10.0000000000,50.0000000000
49.0000000000,97.0000000000,0.0021806056,50.0000000000,100.0000000000,0.1000000000,10.0000000000,50.0000000000
49.0000000000,98.0000000000,0.0022273171,50.0000000000,100.0000000000,0.1000000000,10.0000000000,50.0000000000
49.0000000000,99.0000000000,0.0022445478,50.0000000000,100.0000000000,0.1000000000,10.0000000000,50.0000000000
49.0000000000,100.0000000000,0.0022511342,50.0000000000,100.0000000000,0.1000000000,10.0000000000,50.0000000000
49.0000000000,101.0000000000,0.0022327547,50.0000000000,100.0000000000,0.1000000000,10.0000000000,50.0000000000
49.0000000000,102.0000000000,0.0021958082,50.0000000000,100.0000000000,0.1000000000,10.0000000000,50.0000000000
49.0000000000,103.0000000000,0.0021292430,50.0000000000,100.0000000000,0.1000000000,10.0000000000,50.0000000000
49.0000000000,104.0000000000,0.0020355240,50.0000000000,100.0000000000,0.1000000000,10.0000000000,50.0000000000
49.0000000000,105.0000000000,0.0019430215,50.0000000000,100.0000000000,0.1000000000,10.0000000000,50.0000000000
49.0000000000,106.0000000000,0.0018274425,50.0000000000,100.0000000000,0.1000000000,10.0000000000,50.0000000000
49.0000000000,107.0000000000,0.0017078924,50.0000000000,100.0000000000,0.1000000000,10.0000000000,50.0000000000
49.0000000000,108.0000000000,0.0015735305,50.0000000000,100.0000000000,0.1000000000,10.0000000000,50.0000000000
49.0000000000,109.0000000000,0.0014518454,50.0000000000,100.0000000000,0.1000000000,10.0000000000,50.0000000000
49.0000000000,110.0000000000,0.0013182488,50.0000000000,100.0000000000,0.1000000000,10.0000000000,50.0000000000
49.0000000000,111.0000000000,0.0011820750,50.0000000000,100.0000000000,0.1000000000,10.0000000000,50.0000000000
49.0000000000,112.0000000000,0.0010576399,50.0000000000,100.0000000000,0.1000000000,10.0000000000,50.0000000000
49.0000000000,113.0000000000,0.0009350147,50.0000000000,100.0000000000,0.1000000000,10.0000000000,50.0000000000
49.0000000000,114.0000000000,0.0008251519,50.0000000000,100.0000000000,0.1000000000,10.0000000000,50.0000000000
49.0000000000,115.0000000000,0.0007139465,50.0000000000,100.0000000000,0.1000000000,10.0000000000,50.0000000000
49.0000000000,116.0000000000,0.0006156989,50.0000000000,100.0000000000,0.1000000000,10.0000000000,50.0000000000
49.0000000000,117.0000000000,0.0005216695,50.0000000000,100.0000000000,0.1000000000,10.0000000000,50.0000000000
49.0000000000,118.0000000000,0.0004445983,50.0000000000,100.0000000000,0.1000000000,10.0000000000,50.0000000000
49.0000000000,119.0000000000,0.0003726825,50.0000000000,100.0000000000,0.1000000000,10.0000000000,50.0000000000
49.0000000000,120.0000000000,0.0003116645,50.0000000000,100.0000000000,0.1000000000,10.0000000000,50.0000000000
49.0000000000,121.0000000000,0.0002576390,50.0000000000,100.0000000000,0.1000000000,10.0000000000,50.0000000000
49.0000000000,122.0000000000,0.0002119003,50.0000000000,100.0000000000,0.1000000000,10.0000000000,50.0000000000
49.0000000000,123.0000000000,0.0001716367,50.0000000000,100.0000000000,0.1000000000,10.0000000000,50.0000000000
49.0000000000,124.0000000000,0.0001383400,50.0000000000,100.0000000000,0.1000000000,10.0000000000,50.0000000000
49.0000000000,125.0000000000,0.0001102154,50.0000000000,100.0000000000,0.1000000000,10.0000000000,50.0000000000
49.0000000000,126.0000000000,0.0000872380,50.0000000000,100.0000000000,0.1000000000,10.0000000000,50.0000000000
49.0000000000,127.0000000000,0.0000690828,50.0000000000,100.0000000000,0.1000000000,10.0000000000,50.0000000000
49.0000000000,128.0000000000,0.0000540808,50.0000000000,100.0000000000,0.1000000000,10.0000000000,50.0000000000
49.0000000000,129.0000000000,0.0000418877,50.0000000000,100.0000000000,0.1000000000,10.0000000000,50.0000000000
49.0000000000,130.0000000000,0.0000318552,50.0000000000,100.0000000000,0.1000000000,10.0000000000,50.0000000000
49.0000000000,131.0000000000,0.0000242769,50.0000000000,100.0000000000,0.1000000000,10.0000000000,50.0000000000
49.0000000000,132.0000000000,0.0000185024,50.0000000000,100.0000000000,0.1000000000,10.0000000000,50.0000000000
49.0000000000,133.0000000000,0.0000138932,50.0000000000,100.0000000000,0.1000000000,10.0000000000,50.0000000000
49.0000000000,134.0000000000,0.0000105630,50.0000000000,100.0000000000,0.1000000000,10.0000000000,50.0000000000
49.0000000000,135.0000000000,0.0000075718,50.0000000000,100.0000000000,0.1000000000,10.0000000000,50.0000000000
49.0000000000,136.0000000000,0.0000053953,50.0000000000,100.0000000000,0.1000000000,10.0000000000,50.0000000000
49.0000000000,137.0000000000,0.0000041710,50.0000000000,100.0000000000,0.1000000000,10.0000000000,50.0000000000
49.0000000000,138.0000000000,0.0000029932,50.0000000000,100.0000000000,0.1000000000,10.0000000000,50.0000000000
49.0000000000,139.0000000000,0.0000023690,50.0000000000,100.0000000000,0.1000000000,10.0000000000,50.0000000000
49.0000000000,140.0000000000,0.0000015814,50.0000000000,100.0000000000,0.1000000000,10.0000000000,50.0000000000
49.0000000000,141.0000000000,0.0000010576,50.0000000000,100.0000000000,0.1000000000,10.0000000000,50.0000000000
49.0000000000,142.0000000000,0.0000008404,50.0000000000,100.0000000000,0.1000000000,10.0000000000,50.0000000000
49.0000000000,143.0000000000,0.0000005803,50.0000000000,100.0000000000,0.1000000000,10.0000000000,50.0000000000
49.0000000000,144.0000000000,0.0000003394,50.0000000000,100.0000000000,0.1000000000,10.0000000000,50.0000000000
49.0000000000,145.0000000000,0.0000002775,50.0000000000,100.0000000000,0.1000000000,10.0000000000,50.0000000000
49.0000000000,146.0000000000,0.0000001904,50.0000000000,100.0000000000,0.1000000000,10.0000000000,50.0000000000
49.0000000000,147.0000000000,0.0000001055,50.0000000000,100.0000000000,0.1000000000,10.0000000000,50.0000000000
49.0000000000,148.0000000000,0.0000000617,50.0000000000,100.0000000000,0.1000000000,10.0000000000,50.0000000000
49.0000000000,149.0000000000,0.0000000267,50.0000000000,100.0000000000,0.1000000000,10.0000000000,50.0000000000
49.0000000000,150.0000000000,0.0000000464,50.0000000000,100.0000000000,0.1000000000,10.0000000000,50.0000000000
49.0000000000,151.0000000000,0.0000000215,50.0000000000,100.0000000000,0.1000000000,10.0000000000,50.0000000000
49.0000000000,152.0000000000,0.0000000097,50.0000000000,100.0000000000,0.1000000000,10.0000000000,50.0000000000
49.0000000000,153.0000000000,0.0000000187,50.0000000000,100.0000000000,0.1000000000,10.0000000000,50.0000000000
49.0000000000,154.0000000000,0.0000000005,50.0000000000,100.0000000000,0.1000000000,10.0000000000,50.0000000000
50.0000000000,52.0000000000,0.0000000003,50.0000000000,100.0000000000,0.1000000000,10.0000000000,50.0000000000
50.0000000000,53.0000000000,0.0000000033,50.0000000000,100.0000000000,0.1000000000,10.0000000000,50.0000000000
50.0000000000,55.0000000000,0.0000000043,50.0000000000,100.0000000000,0.1000000000,10.0000000000,50.0000000000
50.0000000000,56.0000000000,0.0000000409,50.0000000000,100.0000000000,0.1000000000,10.0000000000,50.0000000000
50.0000000000,57.0000000000,0.0000000355,50.0000000000,100.0000000000,0.1000000000,10.0000000000,50.0000000000
50.0000000000,58.0000000000,0.0000000339,50.0000000000,100.0000000000,0.1000000000,10.0000000000,50.0000000000
50.0000000000,59.0000000000,0.0000000977,50.0000000000,100.0000000000,0.1000000000,10.0000000000,50.0000000000
50.0000000000,60.0000000000,0.0000001718,50.0000000000,100.0000000000,0.1000000000,10.0000000000,50.0000000000
50.0000000000,61.0000000000,0.0000003364,50.0000000000,100.0000000000,0.1000000000,10.0000000000,50.0000000000
50.0000000000,62.0000000000,0.0000006017,50.0000000000,100.0000000000,0.1000000000,10.0000000000,50.0000000000
50.0000000000,63.0000000000,0.0000011253,50.0000000000,100.0000000000,0.1000000000,10.0000000000,50.0000000000
50.0000000000,64.0000000000,0.0000017349,50.0000000000,100.0000000000,0.1000000000,10.0000000000,50.0000000000
50.0000000000,65.0000000000,0.0000026235,50.0000000000,100.0000000000,0.1000000000,10.0000000000,50.0000000000
50.0000000000,66.0000000000,0.0000037719,50.0000000000,100.0000000000,0.1000000000,10.0000000000,50.0000000000
50.0000000000,67.0000000000,0.0000055200,50.0000000000,100.0000000000,0.1000000000,10.0000000000,50.0000000000
50.0000000000,68.0000000000,0.0000087812,50.0000000000,100.0000000000,0.1000000000,10.0000000000,50.0000000000
50.0000000000,69.0000000000,0.0000124782,50.0000000000,100.0000000000,0.1000000000,10.0000000000,50.0000000000
50.0000000000,70.0000000000,0.0000177691,50.0000000000,100.0000000000,0.1000000000,10.0000000000,50.0000000000
50.0000000000,71.0000000000,0.0000251245,50.0000000000,100.0000000000,0.1000000000,10.0000000000,50.0000000000
50.0000000000,72.0000000000,0.0000342583,50.0000000000,100.0000000000,0.1000000000,10.0000000000,50.0000000000
50.0000000000,73.0000000000,0.0000485838,50.0000000000,100.0000000000,0.1000000000,10.0000000000,50.0000000000
50.0000000000,74.0000000000,0.0000644939,50.0000000000,100.0000000000,0.1000000000,10.0000000000,50.0000000000
50.0000000000,75.0000000000,0.0000843655,50.0000000000,100.0000000000,0.1000000000,10.0000000000,50.0000000000
50.0000000000,76.0000000000,0.0001112702,50.0000000000,100.0000000000,0.1000000000,10.0000000000,50.0000000000
50.0000000000,77.0000000000,0.0001440916,50.0000000000,100.0000000000,0.1000000000,10.0000000000,50.0000000000
50.0000000000,78.0000000000,0.0001844454,50.0000000000,100.0000000000,0.1000000000,10.0000000000,50.0000000000
50.0000000000,79.0000000000,0.0002335888,50.0000000000,100.0000000000,0.1000000000,10.0000000000,50.0000000000
50.0000000000,80.0000000000,0.0002902108,50.0000000000,100.0000000000,0.1000000000,10.0000000000,50.0000000000
50.0000000000,81.0000000000,0.0003570601,50.0000000000,100.0000000000,0.1000000000,10.0000000000,50.0000000000
50.0000000000,82.0000000000,0.0004360559,50.0000000000,100.0000000000,0.1000000000,10.0000000000,50.0000000000
50.0000000000,83.0000000000,0.0005277714,50.0000000000,100.0000000000,0.1000000000,10.0000000000,50.0000000000
50.0000000000,84.0000000000,0.0006254560,50.0000000000,100.0000000000,0.1000000000,10.0000000000,50.0000000000
50.0000000000,85.0000000000,0.0007390172,50.0000000000,100.0000000000,0.1000000000,10.0000000000,50.0000000000
50.0000000000,86.0000000000,0.0008579003,50.0000000000,100.0000000000,0.1000000000,10.0000000000,50.0000000000
50.0000000000,87.0000000000,0.0009893771,50.0000000000,100.0000000000,0.1000000000,10.0000000000,50.0000000000
50.0000000000,88.0000000000,0.0011288261,50.0000000000,100.0000000000,0.1000000000,10.0000000000,50.0000000000
50.0000000000,89.0000000000,0.0012640585,50.0000000000,100.0000000000,0.1000000000,10.0000000000,50.0000000000
50.0000000000,90.0000000000,0.0014060554,50.0000000000,100.0000000000,0.1000000000,10.0000000000,50.0000000000
50.0000000000,91.0000000000,0.0015475135,50.0000000000,100.0000000000,0.1000000000,10.0000000000,50.0000000000
50.0000000000,92.0000000000,0.0016870126,50.0000000000,100.0000000000,0.1000000000,10.0000000000,50.0000000000
50.0000000000,93.0000000000,0.0018074034,50.0000000000,100.0000000000,0.1000000000,10.0000000000,50.0000000000
50.0000000000,94.0000000000,0.0019298699,50.0000000000,100.0000000000,0.1000000000,10.0000000000,50.0000000000
50.0000000000,95.0000000000,0.0020353269,50.0000000000,100.0000000000,0.1000000000,10.0000000000,50.0000000000
50.0000000000,96.0000000000,0.0021187441,50.0000000000,100.0000000000,0.1000000000,10.0000000000,50.0000000000
50.0000000000,97.0000000000,0.0021812447,50.0000000000,100.0000000000,0.1000000000,10.0000000000,50.0000000000
50.0000000000,98.0000000000,0.0022201643,50.0000000000,100.0000000000,0.1000000000,10.0000000000,50.0000000000
50.0000000000,99.0000000000,0.0022485562,50.0000000000,100.0000000000,0.1000000000,10.0000000000,50.0000000000
50.0000000000,100.0000000000,0.0022534865,50.0000000000,100.0000000000,0.1000000000,10.0000000000,50.0000000000
50.0000000000,101.0000000000,0.0022369769,50.0000000000,100.0000000000,0.1000000000,10.0000000000,50.0000000000
50.0000000000,102.0000000000,0.0021854255,50.0000000000,100.0000000000,0.1000000000,10.0000000000,50.0000000000
50.0000000000,103.0000000000,0.0021262142,50.0000000000,100.0000000000,0.1000000000,10.0000000000,50.0000000000
50.0000000000,104.0000000000,0.0020361492,50.0000000000,100.0000000000,0.1000000000,10.0000000000,50.0000000000
50.0000000000,105.0000000000,0.0019408843,50.0000000000,100.0000000000,0.1000000000,10.0000000000,50.0000000000
50.0000000000,106.0000000000,0.0018343843,50.0000000000,100.0000000000,0.1000000000,10.0000000000,50.0000000000
50.0000000000,107.0000000000,0.0017062091,50.0000000000,100.0000000000,0.1000000000,10.0000000000,50.0000000000
50.0000000000,108.0000000000,0.0015758298,50.0000000000,100.0000000000,0.1000000000,10.0000000000,50.0000000000
50.0000000000,109.0000000000,0.0014489535,50.0000000000,100.0000000000,0.1000000000,10.0000000000,50.0000000000
50.0000000000,110.0000000000,0.0013203086,50.0000000000,100.0000000000,0.1000000000,10.0000000000,50.0000000000
50.0000000000,111.0000000000,0.0011853794,50.0000000000,100.0000000000,0.1000000000,10.0000000000,50.0000000000
50.0000000000,112.0000000000,0.0010645145,50.0000000000,100.0000000000,0.1000000000,10.0000000000,50.0000000000
50.0000000000,113.0000000000,0.0009392519,50.0000000000,100.0000000000,0.1000000000,10.0000000000,50.0000000000
50.0000000000,114.0000000000,0.0008299783,50.0000000000,100.0000000000,0.1000000000,10.0000000000,50.0000000000
50.0000000000,115.0000000000,0.0007160392,50.0000000000,100.0000000000,0.1000000000,10.0000000000,50.0000000000
50.0000000000,116.0000000000,0.0006165975,50.0000000000,100.0000000000,0.1000000000,10.0000000000,50.0000000000
50.0000000000,117.0000000000,0.0005252172,50.0000000000,100.0000000000,0.1000000000,10.0000000000,50.0000000000
50.0000000000,118.0000000000,0.0004409958,50.0000000000,100.0000000000,0.1000000000,10.0000000000,50.0000000000
50.0000000000,119.0000000000,0.0003701758,50.0000000000,100.0000000000,0.1000000000,10.0000000000,50.0000000000
50.0000000000,120.0000000000,0.0003138228,50.0000000000,100.0000000000,0.1000000000,10.0000000000,50.0000000000
50.0000000000,121.0000000000,0.0002582675,50.0000000000,100.0000000000,0.1000000000,10.0000000000,50.0000000000
50.0000000000,122.0000000000,0.0002109587,50.0000000000,100.0000000000,0.1000000000,10.0000000000,50.0000000000
50.0000000000,123.0000000000,0.0001720770,50.0000000000,100.0000000000,0.1000000000,10.0000000000,50.0000000000
50.0000000000,124.0000000000,0.0001379512,50.0000000000,100.0000000000,0.1000000000,10.0000000000,50.0000000000
50.0000000000,125.0000000000,0.0001110097,50.0000000000,100.0000000000,0.1000000000,10.0000000000,50.0000000000
50.0000000000,126.0000000000,0.0000877476,50.0000000000,100.0000000000,0.1000000000,10.0000000000,50.0000000000
50.0000000000,127.0000000000,0.0000694722,50.0000000000,100.0000000000,0.1000000000,10.0000000000,50.0000000000
50.0000000000,128.0000000000,0.0000534311,50.0000000000,100.0000000000,0.1000000000,10.0000000000,50.0000000000
50.0000000000,129.0000000000,0.0000422545,50.0000000000,100.0000000000,0.1000000000,10.0000000000,50.0000000000
50.0000000000,130.0000000000,0.0000314483,50.0000000000,100.0000000000,0.1000000000,10.0000000000,50.0000000000
50.0000000000,131.0000000000,0.0000235129,50.0000000000,100.0000000000,0.1000000000,10.0000000000,50.0000000000
50.0000000000,132.0000000000,0.0000183570,50.0000000000,100.0000000000,0.1000000000,10.0000000000,50.0000000000
50.0000000000,133.0000000000,0.0000139933,50.0000000000,100.0000000000,0.1000000000,10.0000000000,50.0000000000
50.0000000000,134.0000000000,0.0000106587,50.0000000000,100.0000000000,0.1000000000,10.0000000000,50.0000000000
50.0000000000,135.0000000000,0.0000077960,50.0000000000,100.0000000000,0.1000000000,10.0000000000,50.0000000000
50.0000000000,136.0000000000,0.0000054253,50.0000000000,100.0000000000,0.1000000000,10.0000000000,50.0000000000
50.0000000000,137.0000000000,0.0000039940,50.0000000000,100.0000000000,0.1000000000,10.0000000000,50.0000000000
50.0000000000,138.0000000000,0.0000028659,50.0000000000,100.0000000000,0.1000000000,10.0000000000,50.0000000000
50.0000000000,139.0000000000,0.0000023389,50.0000000000,100.0000000000,0.1000000000,10.0000000000,50.0000000000
50.0000000000,140.0000000000,0.0000015307,50.0000000000,100.0000000000,0.1000000000,10.0000000000,50.0000000000
50.0000000000,141.0000000000,0.0000011560,50.0000000000,100.0000000000,0.1000000000,10.0000000000,50.0000000000
50.0000000000,142.0000000000,0.0000009200,50.0000000000,100.0000000000,0.1000000000,10.0000000000,50.0000000000
50.0000000000,143.0000000000,0.0000006014,50.0000000000,100.0000000000,0.1000000000,10.0000000000,50.0000000000
50.0000000000,144.0000000000,0.0000003625,50.0000000000,100.0000000000,0.1000000000,10.0000000000,50.0000000000
50.0000000000,145.0000000000,0.0000002449,50.0000000000,100.0000000000,0.1000000000,10.0000000000,50.0000000000
50.0000000000,146.0000000000,0.0000002363,50.0000000000,100.0000000000,0.1000000000,10.0000000000,50.0000000000
50.0000000000,147.0000000000,0.0000001348,50.0000000000,100.0000000000,0.1000000000,10.0000000000,50.0000000000
50.0000000000,148.0000000000,0.0000000744,50.0000000000,100.0000000000,0.1000000000,10.0000000000,50.0000000000
50.0000000000,149.0000000000,0.0000000336,50.0000000000,100.0000000000,0.1000000000,10.0000000000,50.0000000000
50.0000000000,150.0000000000,0.0000000141,50.0000000000,100.0000000000,0.1000000000,10.0000000000,50.0000000000
50.0000000000,151.0000000000,0.0000000181,50.0000000000,100.0000000000,0.1000000000,10.0000000000,50.0000000000
50.0000000000,152.0000000000,0.0000000053,50.0000000000,100.0000000000,0.1000000000,10.0000000000,50.0000000000
50.0000000000,153.0000000000,0.0000000071,50.0000000000,100.0000000000,0.1000000000,10.0000000000,50.0000000000
51.0000000000,55.0000000000,0.0000000003,50.0000000000,100.0000000000,0.1000000000,10.0000000000,50.0000000000
51.0000000000,56.0000000000,0.0000000337,50.0000000000,100.0000000000,0.1000000000,10.0000000000,50.0000000000
51.0000000000,57.0000000000,0.0000000429,50.0000000000,100.0000000000,0.1000000000,10.0000000000,50.0000000000
51.0000000000,58.0000000000,0.0000000492,50.0000000000,100.0000000000,0.1000000000,10.0000000000,50.0000000000
51.0000000000,59.0000000000,0.0000000736,50.0000000000,100.0000000000,0.1000000000,10.0000000000,50.0000000000
51.0000000000,60.0000000000,0.0000001819,50.0000000000,100.0000000000,0.1000000000,10.0000000000,50.0000000000
51.0000000000,61.0000000000,0.0000003572,50.0000000000,100.0000000000,0.1000000000,10.0000000000,50.0000000000
51.0000000000,62.0000000000,0.0000005312,50.0000000000,100.0000000000,0.1000000000,10.0000000000,50.0000000000
51.0000000000,63.0000000000,0.0000009170,50.0000000000,100.0000000000,0.1000000000,10.0000000000,50.0000000000
51.0000000000,64.0000000000,0.0000014250,50.0000000000,100.0000000000,0.1000000000,10.0000000000,50.0000000000
51.0000000000,65.0000000000,0.0000023195,50.0000000000,100.0000000000,0.1000000000,10.0000000000,50.0000000000
51.0000000000,66.0000000000,0.0000036230,50.0000000000,100.0000000000,0.1000000000,10.0000000000,50.0000000000
51.0000000000,67.0000000000,0.0000052122,50.0000000000,100.0000000000,0.1000000000,10.0000000000,50.0000000000
51.0000000000,68.0000000000,0.0000082577,50.0000000000,100.0000000000,0.1000000000,10.0000000000,50.0000000000
51.0000000000,69.0000000000,0.0000115702,50.0000000000,100.0000000000,0.1000000000,10.0000000000,50.0000000000
51.0000000000,70.0000000000,0.0000167568,50.0000000000,100.0000000000,0.1000000000,10.0000000000,50.0000000000
51.0000000000,71.0000000000,0.0000237369,50.0000000000,100.0000000000,0.1000000000,10.0000000000,50.0000000000
51.0000000000,72.0000000000,0.0000331414,50.0000000000,100.0000000000,0.1000000000,10.0000000000,50.0000000000
51.0000000000,73.0000000000,0.0000462978,50.0000000000,100.0000000000,0.1000000000,10.0000000000,50.0000000000
51.0000000000,74.0000000000,0.0000621407,50.0000000000,100.0000000000,0.1000000000,10.0000000000,50.0000000000
51.0000000000,75.0000000000,0.0000812384,50.0000000000,100.0000000000,0.1000000000,10.0000000000,50.0000000000
51.0000000000,76.0000000000,0.0001079176,50.0000000000,100.0000000000,0.1000000000,10.0000000000,50.0000000000
51.0000000000,77.0000000000,0.0001403047,50.0000000000,100.0000000000,0.1000000000,10.0000000000,50.0000000000
51.0000000000,78.0000000000,0.0001778317,50.0000000000,100.0000000000,0.1000000000,10.0000000000,50.0000000000
51.0000000000,79.0000000000,0.0002262856,50.0000000000,100.0000000000,0.1000000000,10.0000000000,50.0000000000
51.0000000000,80.0000000000,0.0002838731,50.0000000000,100.0000000000,0.1000000000,10.0000000000,50.0000000000
51.0000000000,81.0000000000,0.0003479276,50.0000000000,100.0000000000,0.1000000000,10.0000000000,50.0000000000
51.0000000000,82.0000000000,0.0004268641,50.0000000000,100.0000000000,0.1000000000,10.0000000000,50.0000000000
51.0000000000,83.0000000000,0.0005150938,50.0000000000,100.0000000000,0.1000000000,10.0000000000,50.0000000000
51.0000000000,84.0000000000,0.0006099257,50.0000000000,100.0000000000,0.1000000000,10.0000000000,50.0000000000
51.0000000000,85.0000000000,0.0007199542,50.0000000000,100.0000000000,0.1000000000,10.0000000000,50.0000000000
51.0000000000,86.0000000000,0.0008402362,50.0000000000,100.0000000000,0.1000000000,10.0000000000,50.0000000000
51.0000000000,87.0000000000,0.0009687424,50.0000000000,100.0000000000,0.1000000000,10.0000000000,50.0000000000
51.0000000000,88.0000000000,0.0011041115,50.0000000000,100.0000000000,0.1000000000,10.0000000000,50.0000000000
51.0000000000,89.0000000000,0.0012407617,50.0000000000,100.0000000000,0.1000000000,10.0000000000,50.0000000000
51.0000000000,90.0000000000,0.0013724614,50.0000000000,100.0000000000,0.1000000000,10.0000000000,50.0000000000
51.0000000000,91.0000000000,0.0015184699,50.0000000000,100.0000000000,0.1000000000,10.0000000000,50.0000000000
51.0000000000,92.0000000000,0.0016458018,50.0000000000,100.0000000000,0.1000000000,10.0000000000,50.0000000000
51.0000000000,93.0000000000,0.0017697293,50.0000000000,100.0000000000,0.1000000000,10.0000000000,50.0000000000
51.0000000000,94.0000000000,0.0018861959,50.0000000000,100.0000000000,0.1000000000,10.0000000000,50.0000000000
51.0000000000,95.0000000000,0.0019931865,50.0000000000,100.0000000000,0.1000000000,10.0000000000,50.0000000000
51.0000000000,96.0000000000,0.0020729325,50.0000000000,100.0000000000,0.1000000000,10.0000000000,50.0000000000
51.0000000000,97.0000000000,0.0021393790,50.0000000000,100.0000000000,0.1000000000,10.0000000000,50.0000000000
51.0000000000,98.0000000000,0.0021823106,50.0000000000,100.0000000000,0.1000000000,10.0000000000,50.0000000000
51.0000000000,99.0000000000,0.0022068130,50.0000000000,100.0000000000,0.1000000000,10.0000000000,50.0000000000
51.0000000000,100.0000000000,0.0022104940,50.0000000000,100.0000000000,0.1000000000,10.0000000000,50.0000000000
51.0000000000,101.0000000000,0.0021922146,50.0000000000,100.0000000000,0.1000000000,10.0000000000,50.0000000000
51.0000000000,102.0000000000,0.0021452178,50.0000000000,100.0000000000,0.1000000000,10.0000000000,50.0000000000
51.0000000000,103.0000000000,0.0020819097,50.0000000000,100.0000000000,0.1000000000,10.0000000000,50.0000000000
51.0000000000,104.0000000000,0.0020011333,50.0000000000,100.0000000000,0.1000000000,10.0000000000,50.0000000000
51.0000000000,105.0000000000,0.0019077077,50.0000000000,100.0000000000,0.1000000000,10.0000000000,50.0000000000
51.0000000000,106.0000000000,0.0017983776,50.0000000000,100.0000000000,0.1000000000,10.0000000000,50.0000000000
51.0000000000,107.0000000000,0.0016782290,50.0000000000,100.0000000000,0.1000000000,10.0000000000,50.0000000000
51.0000000000,108.0000000000,0.0015558717,50.0000000000,100.0000000000,0.1000000000,10.0000000000,50.0000000000
51.0000000000,109.0000000000,0.0014234058,50.0000000000,100.0000000000,0.1000000000,10.0000000000,50.0000000000
51.0000000000,110.0000000000,0.0012952708,50.0000000000,100.0000000000,0.1000000000,10.0000000000,50.0000000000
51.0000000000,111.0000000000,0.0011655217,50.0000000000,100.0000000000,0.1000000000,10.0000000000,50.0000000000
51.0000000000,112.0000000000,0.0010429863,50.0000000000,100.0000000000,0.1000000000,10.0000000000,50.0000000000
51.0000000000,113.0000000000,0.0009204231,50.0000000000,100.0000000000,0.1000000000,10.0000000000,50.0000000000
51.0000000000,114.0000000000,0.0008090628,50.0000000000,100.0000000000,0.1000000000,10.0000000000,50.0000000000
51.0000000000,115.0000000000,0.0007048179,50.0000000000,100.0000000000,0.1000000000,10.0000000000,50.0000000000
51.0000000000,116.0000000000,0.0006042876,50.0000000000,100.0000000000,0.1000000000,10.0000000000,50.0000000000
51.0000000000,117.0000000000,0.0005162275,50.0000000000,100.0000000000,0.1000000000,10.0000000000,50.0000000000
51.0000000000,118.0000000000,0.0004353622,50.0000000000,100.0000000000,0.1000000000,10.0000000000,50.0000000000
51.0000000000,119.0000000000,0.0003671316,50.0000000000,100.0000000000,0.1000000000,10.0000000000,50.0000000000
51.0000000000,120.0000000000,0.0003093458,50.0000000000,100.0000000000,0.1000000000,10.0000000000,50.0000000000
51.0000000000,121.0000000000,0.0002560335,50.0000000000,100.0000000000,0.1000000000,10.0000000000,50.0000000000
51.0000000000,122.0000000000,0.0002084943,50.0000000000,100.0000000000,0.1000000000,10.0000000000,50.0000000000
51.0000000000,123.0000000000,0.0001685716,50.0000000000,100.0000000000,0.1000000000,10.0000000000,50.0000000000
51.0000000000,124.0000000000,0.0001365119,50.0000000000,100.0000000000,0.1000000000,10.0000000000,50.0000000000
51.0000000000,125.0000000000,0.0001081469,50.0000000000,100.0000000000,0.1000000000,10.0000000000,50.0000000000
51.0000000000,126.0000000000,0.0000856365,50.0000000000,100.0000000000,0.1000000000,10.0000000000,50.0000000000
51.0000000000,127.0000000000,0.0000672752,50.0000000000,100.0000000000,0.1000000000,10.0000000000,50.0000000000
51.0000000000,128.0000000000,0.0000517880,50.0000000000,100.0000000000,0.1000000000,10.0000000000,50.0000000000
51.0000000000,129.0000000000,0.0000411002,50.0000000000,100.0000000000,0.1000000000,10.0000000000,50.0000000000
51.0000000000,130.0000000000,0.0000311549,50.0000000000,100.0000000000,0.1000000000,10.0000000000,50.0000000000
51.0000000000,131.0000000000,0.0000228844,50.0000000000,100.0000000000,0.1000000000,10.0000000000,50.0000000000
51.0000000000,132.0000000000,0.0000177026,50.0000000000,100.0000000000,0.1000000000,10.0000000000,50.0000000000
51.0000000000,133.0000000000,0.0000138362,50.0000000000,100.0000000000,0.1000000000,10.0000000000,50.0000000000
51.0000000000,134.0000000000,0.0000100988,50.0000000000,100.0000000000,0.1000000000,10.0000000000,50.0000000000
51.0000000000,135.0000000000,0.0000075215,50.0000000000,100.0000000000,0.1000000000,10.0000000000,50.0000000000
51.0000000000,136.0000000000,0.0000054069,50.0000000000,100.0000000000,0.1000000000,10.0000000000,50.0000000000
51.0000000000,137.0000000000,0.0000036827,50.0000000000,100.0000000000,0.1000000000,10.0000000000,50.0000000000
51.0000000000,138.0000000000,0.0000029416,50.0000000000,100.0000000000,0.1000000000,10.0000000000,50.0000000000
51.0000000000,139.0000000000,0.0000022857,50.0000000000,100.0000000000,0.1000000000,10.0000000000,50.0000000000
51.0000000000,140.0000000000,0.0000015614,50.0000000000,100.0000000000,0.1000000000,10.0000000000,50.0000000000
51.0000000000,141.0000000000,0.0000011597,50.0000000000,100.0000000000,0.1000000000,10.0000000000,50.0000000000
51.0000000000,142.0000000000,0.0000008072,50.0000000000,100.0000000000,0.1000000000,10.0000000000,50.0000000000
51.0000000000,143.0000000000,0.0000005837,50.0000000000,100.0000000000,0.1000000000,10.0000000000,50.0000000000
51.0000000000,144.0000000000,0.0000003981,50.0000000000,100.0000000000,0.1000000000,10.0000000000,50.0000000000
51.0000000000,145.0000000000,0.0000002649,50.0000000000,100.0000000000,0.1000000000,10.0000000000,50.0000000000
51.0000000000,146.0000000000,0.0000002104,50.0000000000,100.0000000000,0.1000000000,10.0000000000,50.0000000000
51.0000000000,147.0000000000,0.0000001053,50.0000000000,100.0000000000,0.1000000000,10.0000000000,50.0000000000
51.0000000000,148.0000000000,0.0000000895,50.0000000000,100.0000000000,0.1000000000,10.0000000000,50.0000000000
51.0000000000,149.0000000000,0.0000000357,50.0000000000,100.0000000000,0.1000000000,10.0000000000,50.0000000000
51.0000000000,150.0000000000,0.0000000282,50.0000000000,100.0000000000,0.1000000000,10.0000000000,50.0000000000
51.0000000000,151.0000000000,0.0000000282,50.0000000000,100.0000000000,0.1000000000,10.0000000000,50.0000000000
51.0000000000,152.0000000000,0.0000000051,50.0000000000,100.0000000000,0.1000000000,10.0000000000,50.0000000000
51.0000000000,153.0000000000,0.0000000083,50.0000000000,100.0000000000,0.1000000000,10.0000000000,50.0000000000
52.0000000000,55.0000000000,0.0000000027,50.0000000000,100.0000000000,0.1000000000,10.0000000000,50.0000000000
52.0000000000,56.0000000000,0.0000000245,50.0000000000,100.0000000000,0.1000000000,10.0000000000,50.0000000000
52.0000000000,57.0000000000,0.0000000341,50.0000000000,100.0000000000,0.1000000000,10.0000000000,50.0000000000
52.0000000000,58.0000000000,0.0000000628,50.0000000000,100.0000000000,0.1000000000,10.0000000000,50.0000000000
52.0000000000,59.0000000000,0.0000000575,50.0000000000,100.0000000000,0.1000000000,10.0000000000,50.0000000000
52.0000000000,60.0000000000,0.0000001257,50.0000000000,100.0000000000,0.1000000000,10.0000000000,50.0000000000
52.0000000000,61.0000000000,0.0000003624,50.0000000000,100.0000000000,0.1000000000,10.0000000000,50.0000000000
52.0000000000,62.0000000000,0.0000005320,50.0000000000,100.0000000000,0.1000000000,10.0000000000,50.0000000000
52.0000000000,63.0000000000,0.0000007881,50.0000000000,100.0000000000,0.1000000000,10.0000000000,50.0000000000
52.0000000000,64.0000000000,0.0000013294,50.0000000000,100.0000000000,0.1000000000,10.0000000000,50.0000000000
52.0000000000,65.0000000000,0.0000020596,50.0000000000,100.0000000000,0.1000000000,10.0000000000,50.0000000000
52.0000000000,66.0000000000,0.0000032676,50.0000000000,100.0000000000,0.1000000000,10.0000000000,50.0000000000
52.0000000000,67.0000000000,0.0000048970,50.0000000000,100.0000000000,0.1000000000,10.0000000000,50.0000000000
52.0000000000,68.0000000000,0.0000073490,50.0000000000,100.0000000000,0.1000000000,10.0000000000,50.0000000000
52.0000000000,69.0000000000,0.0000106540,50.0000000000,100.0000000000,0.1000000000,10.0000000000,50.0000000000
52.0000000000,70.0000000000,0.0000154829,50.0000000000,100.0000000000,0.1000000000,10.0000000000,50.0000000000
52.0000000000,71.0000000000,0.0000224289,50.0000000000,100.0000000000,0.1000000000,10.0000000000,50.0000000000
52.0000000000,72.0000000000,0.0000315454,50.0000000000,100.0000000000,0.1000000000,10.0000000000,50.0000000000
52.0000000000,73.0000000000,0.0000438470,50.0000000000,100.0000000000,0.1000000000,10.0000000000,50.0000000000
52.0000000000,74.0000000000,0.0000576932,50.0000000000,100.0000000000,0.1000000000,10.0000000000,50.0000000000
52.0000000000,75.0000000000,0.0000772046,50.0000000000,100.0000000000,0.1000000000,10.0000000000,50.0000000000
52.0000000000,76.0000000000,0.0001017607,50.0000000000,100.0000000000,0.1000000000,10.0000000000,50.0000000000
52.0000000000,77.0000000000,0.0001333588,50.0000000000,100.0000000000,0.1000000000,10.0000000000,50.0000000000
52.0000000000,78.0000000000,0.0001696949,50.0000000000,100.0000000000,0.1000000000,10.0000000000,50.0000000000
52.0000000000,79.0000000000,0.0002156860,50.0000000000,100.0000000000,0.1000000000,10.0000000000,50.0000000000
52.0000000000,80.0000000000,0.0002696817,50.0000000000,100.0000000000,0.1000000000,10.0000000000,50.0000000000
52.0000000000,81.0000000000,0.0003349042,50.0000000000,100.0000000000,0.1000000000,10.0000000000,50.0000000000
52.0000000000,82.0000000000,0.0004085986,50.0000000000,100.0000000000,0.1000000000,10.0000000000,50.0000000000
52.0000000000,83.0000000000,0.0004904694,50.0000000000,100.0000000000,0.1000000000,10.0000000000,50.0000000000
52.0000000000,84.0000000000,0.0005865525,50.0000000000,100.0000000000,0.1000000000,10.0000000000,50.0000000000
52.0000000000,85.0000000000,0.0006903966,50.0000000000,100.0000000000,0.1000000000,10.0000000000,50.0000000000
52.0000000000,86.0000000000,0.0008081449,50.0000000000,100.0000000000,0.1000000000,10.0000000000,50.0000000000
52.0000000000,87.0000000000,0.0009308362,50.0000000000,100.0000000000,0.1000000000,10.0000000000,50.0000000000
52.0000000000,88.0000000000,0.0010560269,50.0000000000,100.0000000000,0.1000000000,10.0000000000,50.0000000000
52.0000000000,89.0000000000,0.0011904712,50.0000000000,100.0000000000,0.1000000000,10.0000000000,50.0000000000
52.0000000000,90.0000000000,0.0013190181,50.0000000000,100.0000000000,0.1000000000,10.0000000000,50.0000000000
52.0000000000,91.0000000000,0.0014549177,50.0000000000,100.0000000000,0.1000000000,10.0000000000,50.0000000000
52.0000000000,92.0000000000,0.0015787735,50.0000000000,100.0000000000,0.1000000000,10.0000000000,50.0000000000
52.0000000000,93.0000000000,0.0017003243,50.0000000000,100.0000000000,0.1000000000,10.0000000000,50.0000000000
52.0000000000,94.0000000000,0.0018148626,50.0000000000,100.0000000000,0.1000000000,10.0000000000,50.0000000000
52.0000000000,95.0000000000,0.0019172901,50.0000000000,100.0000000000,0.1000000000,10.0000000000,50.0000000000
52.0000000000,96.0000000000,0.0019957535,50.0000000000,100.0000000000,0.1000000000,10.0000000000,50.0000000000
52.0000000000,97.0000000000,0.0020529911,50.0000000000,100.0000000000,0.1000000000,10.0000000000,50.0000000000
52.0000000000,98.0000000000,0.0020978753,50.0000000000,100.0000000000,0.1000000000,10.0000000000,50.0000000000
52.0000000000,99.0000000000,0.0021242735,50.0000000000,100.0000000000,0.1000000000,10.0000000000,50.0000000000
52.0000000000,100.0000000000,0.0021263061,50.0000000000,100.0000000000,0.1000000000,10.0000000000,50.0000000000
52.0000000000,101.0000000000,0.0021106068,50.0000000000,100.0000000000,0.1000000000,10.0000000000,50.0000000000
52.0000000000,102.0000000000,0.0020656240,50.0000000000,100.0000000000,0.1000000000,10.0000000000,50.0000000000
52.0000000000,103.0000000000,0.0020025586,50.0000000000,100.0000000000,0.1000000000,10.0000000000,50.0000000000
52.0000000000,104.0000000000,0.0019278814,50.0000000000,100.0000000000,0.1000000000,10.0000000000,50.0000000000
52.0000000000,105.0000000000,0.0018372138,50.0000000000,100.0000000000,0.1000000000,10.0000000000,50.0000000000
52.0000000000,106.0000000000,0.0017338696,50.0000000000,100.0000000000,0.1000000000,10.0000000000,50.0000000000
52.0000000000,107.0000000000,0.0016211383,50.0000000000,100.0000000000,0.1000000000,10.0000000000,50.0000000000
52.0000000000,108.0000000000,0.0014997519,50.0000000000,100.0000000000,0.1000000000,10.0000000000,50.0000000000
52.0000000000,109.0000000000,0.0013776873,50.0000000000,100.0000000000,0.1000000000,10.0000000000,50.0000000000
52.0000000000,110.0000000000,0.0012466500,50.0000000000,100.0000000000,0.1000000000,10.0000000000,50.0000000000
52.0000000000,111.0000000000,0.0011218373,50.0000000000,100.0000000000,0.1000000000,10.0000000000,50.0000000000
52.0000000000,112.0000000000,0.0010041624,50.0000000000,100.0000000000,0.1000000000,10.0000000000,50.0000000000
52.0000000000,113.0000000000,0.0008858275,50.0000000000,100.0000000000,0.1000000000,10.0000000000,50.0000000000
52.0000000000,114.0000000000,0.0007799341,50.0000000000,100.0000000000,0.1000000000,10.0000000000,50.0000000000
52.0000000000,115.0000000000,0.0006781153,50.0000000000,100.0000000000,0.1000000000,10.0000000000,50.0000000000
52.0000000000,116.0000000000,0.0005798059,50.0000000000,100.0000000000,0.1000000000,10.0000000000,50.0000000000
52.0000000000,117.0000000000,0.0004975377,50.0000000000,100.0000000000,0.1000000000,10.0000000000,50.0000000000
52.0000000000,118.0000000000,0.0004203077,50.0000000000,100.0000000000,0.1000000000,10.0000000000,50.0000000000
52.0000000000,119.0000000000,0.0003542968,50.0000000000,100.0000000000,0.1000000000,10.0000000000,50.0000000000
52.0000000000,120.0000000000,0.0002986928,50.0000000000,100.0000000000,0.1000000000,10.0000000000,50.0000000000
52.0000000000,121.0000000000,0.0002472602,50.0000000000,100.0000000000,0.1000000000,10.0000000000,50.0000000000
52.0000000000,122.0000000000,0.0002007816,50.0000000000,100.0000000000,0.1000000000,10.0000000000,50.0000000000
52.0000000000,123.0000000000,0.0001619081,50.0000000000,100.0000000000,0.1000000000,10.0000000000,50.0000000000
52.0000000000,124.0000000000,0.0001307531,50.0000000000,100.0000000000,0.1000000000,10.0000000000,50.0000000000
52.0000000000,125.0000000000,0.0001050490,50.0000000000,100.0000000000,0.1000000000,10.0000000000,50.0000000000
52.0000000000,126.0000000000,0.0000828521,50.0000000000,100.0000000000,0.1000000000,10.0000000000,50.0000000000
52.0000000000,127.0000000000,0.0000656996,50.0000000000,100.0000000000,0.1000000000,10.0000000000,50.0000000000
52.0000000000,128.0000000000,0.0000504036,50.0000000000,100.0000000000,0.1000000000,10.0000000000,50.0000000000
52.0000000000,129.0000000000,0.0000389782,50.0000000000,100.0000000000,0.1000000000,10.0000000000,50.0000000000
52.0000000000,130.0000000000,0.0000301703,50.0000000000,100.0000000000,0.1000000000,10.0000000000,50.0000000000
52.0000000000,131.0000000000,0.0000220833,50.0000000000,100.0000000000,0.1000000000,10.0000000000,50.0000000000
52.0000000000,132.0000000000,0.0000170088,50.0000000000,100.0000000000,0.1000000000,10.0000000000,50.0000000000
52.0000000000,133.0000000000,0.0000129023,50.0000000000,100.0000000000,0.1000000000,10.0000000000,50.0000000000
52.0000000000,134.0000000000,0.0000098533,50.0000000000,100.0000000000,0.1000000000,10.0000000000,50.0000000000
52.0000000000,135.0000000000,0.0000073635,50.0000000000,100.0000000000,0.1000000000,10.0000000000,50.0000000000
52.0000000000,136.0000000000,0.0000052866,50.0000000000,100.0000000000,0.1000000000,10.0000000000,50.0000000000
52.0000000000,137.0000000000,0.0000040299,50.0000000000,100.0000000000,0.1000000000,10.0000000000,50.0000000000
52.0000000000,138.0000000000,0.0000029993,50.0000000000,100.0000000000,0.1000000000,10.0000000000,50.0000000000
52.0000000000,139.0000000000,0.0000021881,50.0000000000,100.0000000000,0.1000000000,10.0000000000,50.0000000000
52.0000000000,140.0000000000,0.0000015610,50.0000000000,100.0000000000,0.1000000000,10.0000000000,50.0000000000
52.0000000000,141.0000000000,0.0000010823,50.0000000000,100.0000000000,0.1000000000,10.0000000000,50.0000000000
52.0000000000,142.0000000000,0.0000008067,50.0000000000,100.0000000000,0.1000000000,10.0000000000,50.0000000000
52.0000000000,143.0000000000,0.0000005088,50.0000000000,100.0000000000,0.1000000000,10.0000000000,50.0000000000
52.0000000000,144.0000000000,0.0000003523,50.0000000000,100.0000000000,0.1000000000,10.0000000000,50.0000000000
52.0000000000,145.0000000000,0.0000002277,50.0000000000,100.0000000000,0.1000000000,10.0000000000,50.0000000000
52.0000000000,146.0000000000,0.0000001483,50.0000000000,100.0000000000,0.1000000000,10.0000000000,50.0000000000
52.0000000000,147.0000000000,0.0000001007,50.0000000000,100.0000000000,0.1000000000,10.0000000000,50.0000000000
52.0000000000,148.0000000000,0.0000000924,50.0000000000,100.0000000000,0.1000000000,10.0000000000,50.0000000000
52.0000000000,149.0000000000,0.0000000360,50.0000000000,100.0000000000,0.1000000000,10.0000000000,50.0000000000
52.0000000000,150.0000000000,0.0000000510,50.0000000000,100.0000000000,0.1000000000,10.0000000000,50.0000000000
52.0000000000,151.0000000000,0.0000000170,50.0000000000,100.0000000000,0.1000000000,10.0000000000,50.0000000000
52.0000000000,152.0000000000,0.0000000184,50.0000000000,100.0000000000,0.1000000000,10.0000000000,50.0000000000
52.0000000000,153.0000000000,0.0000000044,50.0000000000,100.0000000000,0.1000000000,10.0000000000,50.0000000000
53.0000000000,55.0000000000,0.0000000010,50.0000000000,100.0000000000,0.1000000000,10.0000000000,50.0000000000
53.0000000000,56.0000000000,0.0000000123,50.0000000000,100.0000000000,0.1000000000,10.0000000000,50.0000000000
53.0000000000,57.0000000000,0.0000000202,50.0000000000,100.0000000000,0.1000000000,10.0000000000,50.0000000000
53.0000000000,58.0000000000,0.0000000396,50.0000000000,100.0000000000,0.1000000000,10.0000000000,50.0000000000
53.0000000000,59.0000000000,0.0000000375,50.0000000000,100.0000000000,0.1000000000,10.0000000000,50.0000000000
53.0000000000,60.0000000000,0.0000001183,50.0000000000,100.0000000000,0.1000000000,10.0000000000,50.0000000000
53.0000000000,61.0000000000,0.0000002930,50.0000000000,100.0000000000,0.1000000000,10.0000000000,50.0000000000
53.0000000000,62.0000000000,0.0000005986,50.0000000000,100.0000000000,0.1000000000,10.0000000000,50.0000000000
53.0000000000,63.0000000000,0.0000006369,50.0000000000,100.0000000000,0.1000000000,10.0000000000,50.0000000000
53.0000000000,64.0000000000,0.0000010195,50.0000000000,100.0000000000,0.1000000000,10.0000000000,50.0000000000
53.0000000000,65.0000000000,0.0000019783,50.0000000000,100.0000000000,0.1000000000,10.0000000000,50.0000000000
53.0000000000,66.0000000000,0.0000030005,50.0000000000,100.0000000000,0.1000000000,10.0000000000,50.0000000000
53.0000000000,67.0000000000,0.0000044810,50.0000000000,100.0000000000,0.1000000000,10.0000000000,50.0000000000
53.0000000000,68.0000000000,0.0000066545,50.0000000000,100.0000000000,0.1000000000,10.0000000000,50.0000000000
53.0000000000,69.0000000000,0.0000097251,50.0000000000,100.0000000000,0.1000000000,10.0000000000,50.0000000000
53.0000000000,70.0000000000,0.0000143571,50.0000000000,100.0000000000,0.1000000000,10.0000000000,50.0000000000
53.0000000000,71.0000000000,0.0000204085,50.0000000000,100.0000000000,0.1000000000,10.0000000000,50.0000000000
53.0000000000,72.0000000000,0.0000289055,50.0000000000,100.0000000000,0.1000000000,10.0000000000,50.0000000000
53.0000000000,73.0000000000,0.0000408320,50.0000000000,100.0000000000,0.1000000000,10.0000000000,50.0000000000
53.0000000000,74.0000000000,0.0000542507,50.0000000000,100.0000000000,0.1000000000,10.0000000000,50.0000000000
53.0000000000,75.0000000000,0.0000719211,50.0000000000,100.0000000000,0.1000000000,10.0000000000,50.0000000000
53.0000000000,76.0000000000,0.0000945235,50.0000000000,100.0000000000,0.1000000000,10.0000000000,50.0000000000
53.0000000000,77.0000000000,0.0001251348,50.0000000000,100.0000000000,0.1000000000,10.0000000000,50.0000000000
53.0000000000,78.0000000000,0.0001607062,50.0000000000,100.0000000000,0.1000000000,10.0000000000,50.0000000000
53.0000000000,79.0000000000,0.0002023439,50.0000000000,100.0000000000,0.1000000000,10.0000000000,50.0000000000
53.0000000000,80.0000000000,0.0002551042,50.0000000000,100.0000000000,0.1000000000,10.0000000000,50.0000000000
53.0000000000,81.0000000000,0.0003142718,50.0000000000,100.0000000000,0.1000000000,10.0000000000,50.0000000000
53.0000000000,82.0000000000,0.0003836368,50.0000000000,100.0000000000,0.1000000000,10.0000000000,50.0000000000
53.0000000000,83.0000000000,0.0004617835,50.0000000000,100.0000000000,0.1000000000,10.0000000000,50.0000000000
53.0000000000,84.0000000000,0.0005488745,50.0000000000,100.0000000000,0.1000000000,10.0000000000,50.0000000000
53.0000000000,85.0000000000,0.0006514292,50.0000000000,100.0000000000,0.1000000000,10.0000000000,50.0000000000
53.0000000000,86.0000000000,0.0007588894,50.0000000000,100.0000000000,0.1000000000,10.0000000000,50.0000000000
53.0000000000,87.0000000000,0.0008717666,50.0000000000,100.0000000000,0.1000000000,10.0000000000,50.0000000000
53.0000000000,88.0000000000,0.0009950118,50.0000000000,100.0000000000,0.1000000000,10.0000000000,50.0000000000
53.0000000000,89.0000000000,0.0011237993,50.0000000000,100.0000000000,0.1000000000,10.0000000000,50.0000000000
53.0000000000,90.0000000000,0.0012458672,50.0000000000,100.0000000000,0.1000000000,10.0000000000,50.0000000000
53.0000000000,91.0000000000,0.0013717570,50.0000000000,100.0000000000,0.1000000000,10.0000000000,50.0000000000
53.0000000000,92.0000000000,0.0014921121,50.0000000000,100.0000000000,0.1000000000,10.0000000000,50.0000000000
53.0000000000,93.0000000000,0.0016097541,50.0000000000,100.0000000000,0.1000000000,10.0000000000,50.0000000000
53.0000000000,94.0000000000,0.0017128118,50.0000000000,100.0000000000,0.1000000000,10.0000000000,50.0000000000
53.0000000000,95.0000000000,0.0018095580,50.0000000000,100.0000000000,0.1000000000,10.0000000000,50.0000000000
53.0000000000,96.0000000000,0.0018811115,50.0000000000,100.0000000000,0.1000000000,10.0000000000,50.0000000000
53.0000000000,97.0000000000,0.0019434547,50.0000000000,100.0000000000,0.1000000000,10.0000000000,50.0000000000
53.0000000000,98.0000000000,0.0019802725,50.0000000000,100.0000000000,0.1000000000,10.0000000000,50.0000000000
53.0000000000,99.0000000000,0.0020039313,50.0000000000,100.0000000000,0.1000000000,10.0000000000,50.0000000000
53.0000000000,100.0000000000,0.0020051004,50.0000000000,100.0000000000,0.1000000000,10.0000000000,50.0000000000
53.0000000000,101.0000000000,0.0019902898,50.0000000000,100.0000000000,0.1000000000,10.0000000000,50.0000000000
53.0000000000,102.0000000000,0.0019542187,50.0000000000,100.0000000000,0.1000000000,10.0000000000,50.0000000000
53.0000000000,103.0000000000,0.0018909901,50.0000000000,100.0000000000,0.1000000000,10.0000000000,50.0000000000
53.0000000000,104.0000000000,0.0018212598,50.0000000000,100.0000000000,0.1000000000,10.0000000000,50.0000000000
53.0000000000,105.0000000000,0.0017361682,50.0000000000,100.0000000000,0.1000000000,10.0000000000,50.0000000000
53.0000000000,106.0000000000,0.0016335322,50.0000000000,100.0000000000,0.1000000000,10.0000000000,50.0000000000
53.0000000000,107.0000000000,0.0015320082,50.0000000000,100.0000000000,0.1000000000,10.0000000000,50.0000000000
53.0000000000,108.0000000000,0.0014145280,50.0000000000,100.0000000000,0.1000000000,10.0000000000,50.0000000000
53.0000000000,109.0000000000,0.0012984866,50.0000000000,100.0000000000,0.1000000000,10.0000000000,50.0000000000
53.0000000000,110.0000000000,0.0011786805,50.0000000000,100.0000000000,0.1000000000,10.0000000000,50.0000000000
53.0000000000,111.0000000000,0.0010610896,50.0000000000,100.0000000000,0.1000000000,10.0000000000,50.0000000000
53.0000000000,112.0000000000,0.0009472517,50.0000000000,100.0000000000,0.1000000000,10.0000000000,50.0000000000
53.0000000000,113.0000000000,0.0008381378,50.0000000000,100.0000000000,0.1000000000,10.0000000000,50.0000000000
53.0000000000,114.0000000000,0.0007377597,50.0000000000,100.0000000000,0.1000000000,10.0000000000,50.0000000000
53.0000000000,115.0000000000,0.0006361236,50.0000000000,100.0000000000,0.1000000000,10.0000000000,50.0000000000
53.0000000000,116.0000000000,0.0005506404,50.0000000000,100.0000000000,0.1000000000,10.0000000000,50.0000000000
53.0000000000,117.0000000000,0.0004691220,50.0000000000,100.0000000000,0.1000000000,10.0000000000,50.0000000000
53.0000000000,118.0000000000,0.0003964417,50.0000000000,100.0000000000,0.1000000000,10.0000000000,50.0000000000
53.0000000000,119.0000000000,0.0003343004,50.0000000000,100.0000000000,0.1000000000,10.0000000000,50.0000000000
53.0000000000,120.0000000000,0.0002814123,50.0000000000,100.0000000000,0.1000000000,10.0000000000,50.0000000000
53.0000000000,121.0000000000,0.0002335603,50.0000000000,100.0000000000,0.1000000000,10.0000000000,50.0000000000
53.0000000000,122.0000000000,0.0001918886,50.0000000000,100.0000000000,0.1000000000,10.0000000000,50.0000000000
53.0000000000,123.0000000000,0.0001531876,50.0000000000,100.0000000000,0.1000000000,10.0000000000,50.0000000000
53.0000000000,124.0000000000,0.0001240555,50.0000000000,100.0000000000,0.1000000000,10.0000000000,50.0000000000
53.0000000000,125.0000000000,0.0000987834,50.0000000000,100.0000000000,0.1000000000,10.0000000000,50.0000000000
53.0000000000,126.0000000000,0.0000781629,50.0000000000,100.0000000000,0.1000000000,10.0000000000,50.0000000000
53.0000000000,127.0000000000,0.0000626119,50.0000000000,100.0000000000,0.1000000000,10.0000000000,50.0000000000
53.0000000000,128.0000000000,0.0000466393,50.0000000000,100.0000000000,0.1000000000,10.0000000000,50.0000000000
53.0000000000,129.0000000000,0.0000361194,50.0000000000,100.0000000000,0.1000000000,10.0000000000,50.0000000000
53.0000000000,130.0000000000,0.0000283163,50.0000000000,100.0000000000,0.1000000000,10.0000000000,50.0000000000
53.0000000000,131.0000000000,0.0000212954,50.0000000000,100.0000000000,0.1000000000,10.0000000000,50.0000000000
53.0000000000,132.0000000000,0.0000162200,50.0000000000,100.0000000000,0.1000000000,10.0000000000,50.0000000000
53.0000000000,133.0000000000,0.0000120301,50.0000000000,100.0000000000,0.1000000000,10.0000000000,50.0000000000
53.0000000000,134.0000000000,0.0000090754,50.0000000000,100.0000000000,0.1000000000,10.0000000000,50.0000000000
53.0000000000,135.0000000000,0.0000069918,50.0000000000,100.0000000000,0.1000000000,10.0000000000,50.0000000000
53.0000000000,136.0000000000,0.0000049391,50.0000000000,100.0000000000,0.1000000000,10.0000000000,50.0000000000
53.0000000000,137.0000000000,0.0000035880,50.0000000000,100.0000000000,0.1000000000,10.0000000000,50.0000000000
53.0000000000,138.0000000000,0.0000026988,50.0000000000,100.0000000000,0.1000000000,10.0000000000,50.0000000000
53.0000000000,139.0000000000,0.0000017714,50.0000000000,100.0000000000,0.1000000000,10.0000000000,50.0000000000
53.0000000000,140.0000000000,0.0000013377,50.0000000000,100.0000000000,0.1000000000,10.0000000000,50.0000000000
53.0000000000,141.0000000000,0.0000009516,50.0000000000,100.0000000000,0.1000000000,10.0000000000,50.0000000000
53.0000000000,142.0000000000,0.0000007695,50.0000000000,100.0000000000,0.1000000000,10.0000000000,50.0000000000
53.0000000000,143.0000000000,0.0000004957,50.0000000000,100.0000000000,0.1000000000,10.0000000000,50.0000000000
53.0000000000,144.0000000000,0.0000003186,50.0000000000,100.0000000000,0.1000000000,10.0000000000,50.0000000000
53.0000000000,145.0000000000,0.0000002112,50.0000000000,100.0000000000,0.1000000000,10.0000000000,50.0000000000
53.0000000000,146.0000000000,0.0000001567,50.0000000000,100.0000000000,0.1000000000,10.0000000000,50.0000000000
53.0000000000,147.0000000000,0.0000001193,50.0000000000,100.0000000000,0.1000000000,10.0000000000,50.0000000000
53.0000000000,148.0000000000,0.0000000657,50.0000000000,100.0000000000,0.1000000000,10.0000000000,50.0000000000
53.0000000000,149.0000000000,0.0000000555,50.0000000000,100.0000000000,0.1000000000,10.0000000000,50.0000000000
53.0000000000,150.0000000000,0.0000000324,50.0000000000,100.0000000000,0.1000000000,10.0000000000,50.0000000000
53.0000000000,151.0000000000,0.0000000187,50.0000000000,100.0000000000,0.1000000000,10.0000000000,50.0000000000
53.0000000000,152.0000000000,0.0000000096,50.0000000000,100.0000000000,0.1000000000,10.0000000000,50.0000000000
53.0000000000,153.0000000000,0.0000000145,50.0000000000,100.0000000000,0.1000000000,10.0000000000,50.0000000000
54.0000000000,56.0000000000,0.0000000025,50.0000000000,100.0000000000,0.1000000000,10.0000000000,50.0000000000
54.0000000000,57.0000000000,0.0000000132,50.0000000000,100.0000000000,0.1000000000,10.0000000000,50.0000000000
54.0000000000,58.0000000000,0.0000000214,50.0000000000,100.0000000000,0.1000000000,10.0000000000,50.0000000000
54.0000000000,59.0000000000,0.0000000403,50.0000000000,100.0000000000,0.1000000000,10.0000000000,50.0000000000
54.0000000000,60.0000000000,0.0000000940,50.0000000000,100.0000000000,0.1000000000,10.0000000000,50.0000000000
54.0000000000,61.0000000000,0.0000002686,50.0000000000,100.0000000000,0.1000000000,10.0000000000,50.0000000000
54.0000000000,62.0000000000,0.0000005113,50.0000000000,100.0000000000,0.1000000000,10.0000000000,50.0000000000
54.0000000000,63.0000000000,0.0000006698,50.0000000000,100.0000000000,0.1000000000,10.0000000000,50.0000000000
54.0000000000,64.0000000000,0.0000008807,50.0000000000,100.0000000000,0.1000000000,10.0000000000,50.0000000000
54.0000000000,65.0000000000,0.0000016826,50.0000000000,100.0000000000,0.1000000000,10.0000000000,50.0000000000
54.0000000000,66.0000000000,0.0000027401,50.0000000000,100.0000000000,0.1000000000,10.0000000000,50.0000000000
54.0000000000,67.0000000000,0.0000040111,50.0000000000,100.0000000000,0.1000000000,10.0000000000,50.0000000000
54.0000000000,68.0000000000,0.0000058071,50.0000000000,100.0000000000,0.1000000000,10.0000000000,50.0000000000
54.0000000000,69.0000000000,0.0000087829,50.0000000000,100.0000000000,0.1000000000,10.0000000000,50.0000000000
54.0000000000,70.0000000000,0.0000125067,50.0000000000,100.0000000000,0.1000000000,10.0000000000,50.0000000000
54.0000000000,71.0000000000,0.0000186339,50.0000000000,100.0000000000,0.1000000000,10.0000000000,50.0000000000
54.0000000000,72.0000000000,0.0000256620,50.0000000000,100.0000000000,0.1000000000,10.0000000000,50.0000000000
54.0000000000,73.0000000000,0.0000359865,50.0000000000,100.0000000000,0.1000000000,10.0000000000,50.0000000000
54.0000000000,74.0000000000,0.0000486791,50.0000000000,100.0000000000,0.1000000000,10.0000000000,50.0000000000
54.0000000000,75.0000000000,0.0000656866,50.0000000000,100.0000000000,0.1000000000,10.0000000000,50.0000000000
54.0000000000,76.0000000000,0.0000857960,50.0000000000,100.0000000000,0.1000000000,10.0000000000,50.0000000000
54.0000000000,77.0000000000,0.0001150786,50.0000000000,100.0000000000,0.1000000000,10.0000000000,50.0000000000
54.0000000000,78.0000000000,0.0001474924,50.0000000000,100.0000000000,0.1000000000,10.0000000000,50.0000000000
54.0000000000,79.0000000000,0.0001848495,50.0000000000,100.0000000000,0.1000000000,10.0000000000,50.0000000000
54.0000000000,80.0000000000,0.0002333411,50.0000000000,100.0000000000,0.1000000000,10.0000000000,50.0000000000
54.0000000000,81.0000000000,0.0002887279,50.0000000000,100.0000000000,0.1000000000,10.0000000000,50.0000000000
54.0000000000,82.0000000000,0.0003549103,50.0000000000,100.0000000000,0.1000000000,10.0000000000,50.0000000000
54.0000000000,83.0000000000,0.0004245528,50.0000000000,100.0000000000,0.1000000000,10.0000000000,50.0000000000
54.0000000000,84.0000000000,0.0005065672,50.0000000000,100.0000000000,0.1000000000,10.0000000000,50.0000000000
54.0000000000,85.0000000000,0.0006026547,50.0000000000,100.0000000000,0.1000000000,10.0000000000,50.0000000000
54.0000000000,86.0000000000,0.0007020601,50.0000000000,100.0000000000,0.1000000000,10.0000000000,50.0000000000
54.0000000000,87.0000000000,0.0008058682,50.0000000000,100.0000000000,0.1000000000,10.0000000000,50.0000000000
54.0000000000,88.0000000000,0.0009195259,50.0000000000,100.0000000000,0.1000000000,10.0000000000,50.0000000000
54.0000000000,89.0000000000,0.0010392427,50.0000000000,100.0000000000,0.1000000000,10.0000000000,50.0000000000
54.0000000000,90.0000000000,0.0011548288,50.0000000000,100.0000000000,0.1000000000,10.0000000000,50.0000000000
54.0000000000,91.0000000000,0.0012698997,50.0000000000,100.0000000000,0.1000000000,10.0000000000,50.0000000000
54.0000000000,92.0000000000,0.0013825209,50.0000000000,100.0000000000,0.1000000000,10.0000000000,50.0000000000
54.0000000000,93.0000000000,0.0014947671,50.0000000000,100.0000000000,0.1000000000,10.0000000000,50.0000000000
54.0000000000,94.0000000000,0.0015872156,50.0000000000,100.0000000000,0.1000000000,10.0000000000,50.0000000000
54.0000000000,95.0000000000,0.0016745751,50.0000000000,100.0000000000,0.1000000000,10.0000000000,50.0000000000
54.0000000000,96.0000000000,0.0017448641,50.0000000000,100.0000000000,0.1000000000,10.0000000000,50.0000000000
54.0000000000,97.0000000000,0.0017974279,50.0000000000,100.0000000000,0.1000000000,10.0000000000,50.0000000000
54.0000000000,98.0000000000,0.0018346387,50.0000000000,100.0000000000,0.1000000000,10.0000000000,50.0000000000
54.0000000000,99.0000000000,0.0018569396,50.0000000000,100.0000000000,0.1000000000,10.0000000000,50.0000000000
54.0000000000,100.0000000000,0.0018596230,50.0000000000,100.0000000000,0.1000000000,10.0000000000,50.0000000000
54.0000000000,101.0000000000,0.0018466938,50.0000000000,100.0000000000,0.1000000000,10.0000000000,50.0000000000
54.0000000000,102.0000000000,0.0018141217,50.0000000000,100.0000000000,0.1000000000,10.0000000000,50.0000000000
54.0000000000,103.0000000000,0.0017537436,50.0000000000,100.0000000000,0.1000000000,10.0000000000,50.0000000000
54.0000000000,104.0000000000,0.0016919202,50.0000000000,100.0000000000,0.1000000000,10.0000000000,50.0000000000
54.0000000000,105.0000000000,0.0016107769,50.0000000000,100.0000000000,0.1000000000,10.0000000000,50.0000000000
54.0000000000,106.0000000000,0.0015165278,50.0000000000,100.0000000000,0.1000000000,10.0000000000,50.0000000000
54.0000000000,107.0000000000,0.0014196763,50.0000000000,100.0000000000,0.1000000000,10.0000000000,50.0000000000
54.0000000000,108.0000000000,0.0013098887,50.0000000000,100.0000000000,0.1000000000,10.0000000000,50.0000000000
54.0000000000,109.0000000000,0.0011994751,50.0000000000,100.0000000000,0.1000000000,10.0000000000,50.0000000000
54.0000000000,110.0000000000,0.0010941936,50.0000000000,100.0000000000,0.1000000000,10.0000000000,50.0000000000
54.0000000000,111.0000000000,0.0009854301,50.0000000000,100.0000000000,0.1000000000,10.0000000000,50.0000000000
54.0000000000,112.0000000000,0.0008791758,50.0000000000,100.0000000000,0.1000000000,10.0000000000,50.0000000000
54.0000000000,113.0000000000,0.0007787833,50.0000000000,100.0000000000,0.1000000000,10.0000000000,50.0000000000
54.0000000000,114.0000000000,0.0006815448,50.0000000000,100.0000000000,0.1000000000,10.0000000000,50.0000000000
54.0000000000,115.0000000000,0.0005917622,50.0000000000,100.0000000000,0.1000000000,10.0000000000,50.0000000000
54.0000000000,116.0000000000,0.0005100701,50.0000000000,100.0000000000,0.1000000000,10.0000000000,50.0000000000
54.0000000000,117.0000000000,0.0004377858,50.0000000000,100.0000000000,0.1000000000,10.0000000000,50.0000000000
54.0000000000,118.0000000000,0.0003676390,50.0000000000,100.0000000000,0.1000000000,10.0000000000,50.0000000000
54.0000000000,119.0000000000,0.0003059223,50.0000000000,100.0000000000,0.1000000000,10.0000000000,50.0000000000
54.0000000000,120.0000000000,0.0002600050,50.0000000000,100.0000000000,0.1000000000,10.0000000000,50.0000000000
54.0000000000,121.0000000000,0.0002164976,50.0000000000,100.0000000000,0.1000000000,10.0000000000,50.0000000000
54.0000000000,122.0000000000,0.0001779331,50.0000000000,100.0000000000,0.1000000000,10.0000000000,50.0000000000
54.0000000000,123.0000000000,0.0001437753,50.0000000000,100.0000000000,0.1000000000,10.0000000000,50.0000000000
54.0000000000,124.0000000000,0.0001145576,50.0000000000,100.0000000000,0.1000000000,10.0000000000,50.0000000000
54.0000000000,125.0000000000,0.0000920579,50.0000000000,100.0000000000,0.1000000000,10.0000000000,50.0000000000
54.0000000000,126.0000000000,0.0000729667,50.0000000000,100.0000000000,0.1000000000,10.0000000000,50.0000000000
54.0000000000,127.0000000000,0.0000577425,50.0000000000,100.0000000000,0.1000000000,10.0000000000,50.0000000000
54.0000000000,128.0000000000,0.0000440312,50.0000000000,100.0000000000,0.1000000000,10.0000000000,50.0000000000
54.0000000000,129.0000000000,0.0000337342,50.0000000000,100.0000000000,0.1000000000,10.0000000000,50.0000000000
54.0000000000,130.0000000000,0.0000261823,50.0000000000,100.0000000000,0.1000000000,10.0000000000,50.0000000000
54.0000000000,131.0000000000,0.0000193635,50.0000000000,100.0000000000,0.1000000000,10.0000000000,50.0000000000
54.0000000000,132.0000000000,0.0000148166,50.0000000000,100.0000000000,0.1000000000,10.0000000000,50.0000000000
54.0000000000,133.0000000000,0.0000112842,50.0000000000,100.0000000000,0.1000000000,10.0000000000,50.0000000000
54.0000000000,134.0000000000,0.0000084484,50.0000000000,100.0000000000,0.1000000000,10.0000000000,50.0000000000
54.0000000000,135.0000000000,0.0000062901,50.0000000000,100.0000000000,0.1000000000,10.0000000000,50.0000000000
54.0000000000,136.0000000000,0.0000047150,50.0000000000,100.0000000000,0.1000000000,10.0000000000,50.0000000000
54.0000000000,137.0000000000,0.0000032558,50.0000000000,100.0000000000,0.1000000000,10.0000000000,50.0000000000
54.0000000000,138.0000000000,0.0000022618,50.0000000000,100.0000000000,0.1000000000,10.0000000000,50.0000000000
54.0000000000,139.0000000000,0.0000018343,50.0000000000,100.0000000000,0.1000000000,10.0000000000,50.0000000000
54.0000000000,140.0000000000,0.0000012686,50.0000000000,100.0000000000,0.1000000000,10.0000000000,50.0000000000
54.0000000000,141.0000000000,0.0000008100,50.0000000000,100.0000000000,0.1000000000,10.0000000000,50.0000000000
54.0000000000,142.0000000000,0.0000005331,50.0000000000,100.0000000000,0.1000000000,10.0000000000,50.0000000000
54.0000000000,143.0000000000,0.0000004197,50.0000000000,100.0000000000,0.1000000000,10.0000000000,50.0000000000
54.0000000000,144.0000000000,0.0000002929,50.0000000000,100.0000000000,0.1000000000,10.0000000000,50.0000000000
54.0000000000,145.0000000000,0.0000001767,50.0000000000,100.0000000000,0.1000000000,10.0000000000,50.0000000000
54.0000000000,146.0000000000,0.0000001512,50.0000000000,100.0000000000,0.1000000000,10.0000000000,50.0000000000
54.0000000000,147.0000000000,0.0000000993,50.0000000000,100.0000000000,0.1000000000,10.0000000000,50.0000000000
54.0000000000,148.0000000000,0.0000000942,50.0000000000,100.0000000000,0.1000000000,10.0000000000,50.0000000000
54.0000000000,149.0000000000,0.0000000592,50.0000000000,100.0000000000,0.1000000000,10.0000000000,50.0000000000
54.0000000000,150.0000000000,0.0000000446,50.0000000000,100.0000000000,0.1000000000,10.0000000000,50.0000000000
54.0000000000,151.0000000000,0.0000000274,50.0000000000,100.0000000000,0.1000000000,10.0000000000,50.0000000000
54.0000000000,152.0000000000,0.0000000186,50.0000000000,100.0000000000,0.1000000000,10.0000000000,50.0000000000
54.0000000000,153.0000000000,0.0000000065,50.0000000000,100.0000000000,0.1000000000,10.0000000000,50.0000000000
55.0000000000,57.0000000000,0.0000000124,50.0000000000,100.0000000000,0.1000000000,10.0000000000,50.0000000000
55.0000000000,58.0000000000,0.0000000330,50.0000000000,100.0000000000,0.1000000000,10.0000000000,50.0000000000
55.0000000000,59.0000000000,0.0000000328,50.0000000000,100.0000000000,0.1000000000,10.0000000000,50.0000000000
55.0000000000,60.0000000000,0.0000000799,50.0000000000,100.0000000000,0.1000000000,10.0000000000,50.0000000000
55.0000000000,61.0000000000,0.0000002091,50.0000000000,100.0000000000,0.1000000000,10.0000000000,50.0000000000
55.0000000000,62.0000000000,0.0000003920,50.0000000000,100.0000000000,0.1000000000,10.0000000000,50.0000000000
55.0000000000,63.0000000000,0.0000005859,50.0000000000,100.0000000000,0.1000000000,10.0000000000,50.0000000000
55.0000000000,64.0000000000,0.0000008104,50.0000000000,100.0000000000,0.1000000000,10.0000000000,50.0000000000
55.0000000000,65.0000000000,0.0000014570,50.0000000000,100.0000000000,0.1000000000,10.0000000000,50.0000000000
55.0000000000,66.0000000000,0.0000022608,50.0000000000,100.0000000000,0.1000000000,10.0000000000,50.0000000000
55.0000000000,67.0000000000,0.0000035299,50.0000000000,100.0000000000,0.1000000000,10.0000000000,50.0000000000
55.0000000000,68.0000000000,0.0000050022,50.0000000000,100.0000000000,0.1000000000,10.0000000000,50.0000000000
55.0000000000,69.0000000000,0.0000075988,50.0000000000,100.0000000000,0.1000000000,10.0000000000,50.0000000000
55.0000000000,70.0000000000,0.0000112223,50.0000000000,100.0000000000,0.1000000000,10.0000000000,50.0000000000
55.0000000000,71.0000000000,0.0000165631,50.0000000000,100.0000000000,0.1000000000,10.0000000000,50.0000000000
55.0000000000,72.0000000000,0.0000231581,50.0000000000,100.0000000000,0.1000000000,10.0000000000,50.0000000000
55.0000000000,73.0000000000,0.0000317818,50.0000000000,100.0000000000,0.1000000000,10.0000000000,50.0000000000
55.0000000000,74.0000000000,0.0000440570,50.0000000000,100.0000000000,0.1000000000,10.0000000000,50.0000000000
55.0000000000,75.0000000000,0.0000586317,50.0000000000,100.0000000000,0.1000000000,10.0000000000,50.0000000000
55.0000000000,76.0000000000,0.0000773617,50.0000000000,100.0000000000,0.1000000000,10.0000000000,50.0000000000
55.0000000000,77.0000000000,0.0001039179,50.0000000000,100.0000000000,0.1000000000,10.0000000000,50.0000000000
55.0000000000,78.0000000000,0.0001338596,50.0000000000,100.0000000000,0.1000000000,10.0000000000,50.0000000000
55.0000000000,79.0000000000,0.0001678657,50.0000000000,100.0000000000,0.1000000000,10.0000000000,50.0000000000
55.0000000000,80.0000000000,0.0002114434,50.0000000000,100.0000000000,0.1000000000,10.0000000000,50.0000000000
55.0000000000,81.0000000000,0.0002615463,50.0000000000,100.0000000000,0.1000000000,10.0000000000,50.0000000000
55.0000000000,82.0000000000,0.0003200658,50.0000000000,100.0000000000,0.1000000000,10.0000000000,50.0000000000
55.0000000000,83.0000000000,0.0003841484,50.0000000000,100.0000000000,0.1000000000,10.0000000000,50.0000000000
55.0000000000,84.0000000000,0.0004601250,50.0000000000,100.0000000000,0.1000000000,10.0000000000,50.0000000000
55.0000000000,85.0000000000,0.0005462331,50.0000000000,100.0000000000,0.1000000000,10.0000000000,50.0000000000
55.0000000000,86.0000000000,0.0006351030,50.0000000000,100.0000000000,0.1000000000,10.0000000000,50.0000000000
55.0000000000,87.0000000000,0.0007315806,50.0000000000,100.0000000000,0.1000000000,10.0000000000,50.0000000000
55.0000000000,88.0000000000,0.0008347342,50.0000000000,100.0000000000,0.1000000000,10.0000000000,50.0000000000
55.0000000000,89.0000000000,0.0009457242,50.0000000000,100.0000000000,0.1000000000,10.0000000000,50.0000000000
55.0000000000,90.0000000000,0.0010513906,50.0000000000,100.0000000000,0.1000000000,10.0000000000,50.0000000000
55.0000000000,91.0000000000,0.0011547292,50.0000000000,100.0000000000,0.1000000000,10.0000000000,50.0000000000
55.0000000000,92.0000000000,0.0012569931,50.0000000000,100.0000000000,0.1000000000,10.0000000000,50.0000000000
55.0000000000,93.0000000000,0.0013560402,50.0000000000,100.0000000000,0.1000000000,10.0000000000,50.0000000000
55.0000000000,94.0000000000,0.0014419582,50.0000000000,100.0000000000,0.1000000000,10.0000000000,50.0000000000
55.0000000000,95.0000000000,0.0015229682,50.0000000000,100.0000000000,0.1000000000,10.0000000000,50.0000000000
55.0000000000,96.0000000000,0.0015852831,50.0000000000,100.0000000000,0.1000000000,10.0000000000,50.0000000000
55.0000000000,97.0000000000,0.0016330964,50.0000000000,100.0000000000,0.1000000000,10.0000000000,50.0000000000
55.0000000000,98.0000000000,0.0016668079,50.0000000000,100.0000000000,0.1000000000,10.0000000000,50.0000000000
55.0000000000,99.0000000000,0.0016881123,50.0000000000,100.0000000000,0.1000000000,10.0000000000,50.0000000000
55.0000000000,100.0000000000,0.0016947364,50.0000000000,100.0000000000,0.1000000000,10.0000000000,50.0000000000
55.0000000000,101.0000000000,0.0016815670,50.0000000000,100.0000000000,0.1000000000,10.0000000000,50.0000000000
55.0000000000,102.0000000000,0.0016475373,50.0000000000,100.0000000000,0.1000000000,10.0000000000,50.0000000000
55.0000000000,103.0000000000,0.0015940635,50.0000000000,100.0000000000,0.1000000000,10.0000000000,50.0000000000
55.0000000000,104.0000000000,0.0015372079,50.0000000000,100.0000000000,0.1000000000,10.0000000000,50.0000000000
55.0000000000,105.0000000000,0.0014678298,50.0000000000,100.0000000000,0.1000000000,10.0000000000,50.0000000000
55.0000000000,106.0000000000,0.0013810945,50.0000000000,100.0000000000,0.1000000000,10.0000000000,50.0000000000
55.0000000000,107.0000000000,0.0012907691,50.0000000000,100.0000000000,0.1000000000,10.0000000000,50.0000000000
55.0000000000,108.0000000000,0.0011897661,50.0000000000,100.0000000000,0.1000000000,10.0000000000,50.0000000000
55.0000000000,109.0000000000,0.0010919855,50.0000000000,100.0000000000,0.1000000000,10.0000000000,50.0000000000
55.0000000000,110.0000000000,0.0009949150,50.0000000000,100.0000000000,0.1000000000,10.0000000000,50.0000000000
55.0000000000,111.0000000000,0.0008981665,50.0000000000,100.0000000000,0.1000000000,10.0000000000,50.0000000000
55.0000000000,112.0000000000,0.0008001977,50.0000000000,100.0000000000,0.1000000000,10.0000000000,50.0000000000
55.0000000000,113.0000000000,0.0007122868,50.0000000000,100.0000000000,0.1000000000,10.0000000000,50.0000000000
55.0000000000,114.0000000000,0.0006191408,50.0000000000,100.0000000000,0.1000000000,10.0000000000,50.0000000000
55.0000000000,115.0000000000,0.0005369649,50.0000000000,100.0000000000,0.1000000000,10.0000000000,50.0000000000
55.0000000000,116.0000000000,0.0004648860,50.0000000000,100.0000000000,0.1000000000,10.0000000000,50.0000000000
55.0000000000,117.0000000000,0.0003967986,50.0000000000,100.0000000000,0.1000000000,10.0000000000,50.0000000000
55.0000000000,118.0000000000,0.0003339294,50.0000000000,100.0000000000,0.1000000000,10.0000000000,50.0000000000
55.0000000000,119.0000000000,0.0002821735,50.0000000000,100.0000000000,0.1000000000,10.0000000000,50.0000000000
55.0000000000,120.0000000000,0.0002363143,50.0000000000,100.0000000000,0.1000000000,10.0000000000,50.0000000000
55.0000000000,121.0000000000,0.0001984115,50.0000000000,100.0000000000,0.1000000000,10.0000000000,50.0000000000
55.0000000000,122.0000000000,0.0001620824,50.0000000000,100.0000000000,0.1000000000,10.0000000000,50.0000000000
55.0000000000,123.0000000000,0.0001313481,50.0000000000,100.0000000000,0.1000000000,10.0000000000,50.0000000000
55.0000000000,124.0000000000,0.0001051207,50.0000000000,100.0000000000,0.1000000000,10.0000000000,50.0000000000
55.0000000000,125.0000000000,0.0000837423,50.0000000000,100.0000000000,0.1000000000,10.0000000000,50.0000000000
55.0000000000,126.0000000000,0.0000668903,50.0000000000,100.0000000000,0.1000000000,10.0000000000,50.0000000000
55.0000000000,127.0000000000,0.0000517894,50.0000000000,100.0000000000,0.1000000000,10.0000000000,50.0000000000
55.0000000000,128.0000000000,0.0000400844,50.0000000000,100.0000000000,0.1000000000,10.0000000000,50.0000000000
55.0000000000,129.0000000000,0.0000305651,50.0000000000,100.0000000000,0.1000000000,10.0000000000,50.0000000000
55.0000000000,130.0000000000,0.0000234954,50.0000000000,100.0000000000,0.1000000000,10.0000000000,50.0000000000
55.0000000000,131.0000000000,0.0000177711,50.0000000000,100.0000000000,0.1000000000,10.0000000000,50.0000000000
55.0000000000,132.0000000000,0.0000134977,50.0000000000,100.0000000000,0.1000000000,10.0000000000,50.0000000000
55.0000000000,133.0000000000,0.0000103726,50.0000000000,100.0000000000,0.1000000000,10.0000000000,50.0000000000
55.0000000000,134.0000000000,0.0000079045,50.0000000000,100.0000000000,0.1000000000,10.0000000000,50.0000000000
55.0000000000,135.0000000000,0.0000053283,50.0000000000,100.0000000000,0.1000000000,10.0000000000,50.0000000000
55.0000000000,136.0000000000,0.0000043184,50.0000000000,100.0000000000,0.1000000000,10.0000000000,50.0000000000
55.0000000000,137.0000000000,0.0000029251,50.0000000000,100.0000000000,0.1000000000,10.0000000000,50.0000000000
55.0000000000,138.0000000000,0.0000021164,50.0000000000,100.0000000000,0.1000000000,10.0000000000,50.0000000000
55.0000000000,139.0000000000,0.0000014844,50.0000000000,100.0000000000,0.1000000000,10.0000000000,50.0000000000
55.0000000000,140.0000000000,0.0000010234,50.0000000000,100.0000000000,0.1000000000,10.0000000000,50.0000000000
55.0000000000,141.0000000000,0.0000006914,50.0000000000,100.0000000000,0.1000000000,10.0000000000,50.0000000000
55.0000000000,142.0000000000,0.0000004885,50.0000000000,100.0000000000,0.1000000000,10.0000000000,50.0000000000
55.0000000000,143.0000000000,0.0000003770,50.0000000000,100.0000000000,0.1000000000,10.0000000000,50.0000000000
55.0000000000,144.0000000000,0.0000002315,50.0000000000,100.0000000000,0.1000000000,10.0000000000,50.0000000000
55.0000000000,145.0000000000,0.0000001658,50.0000000000,100.0000000000,0.1000000000,10.0000000000,50.0000000000
55.0000000000,146.0000000000,0.0000001063,50.0000000000,100.0000000000,0.1000000000,10.0000000000,50.0000000000
55.0000000000,147.0000000000,0.0000001227,50.0000000000,100.0000000000,0.1000000000,10.0000000000,50.0000000000
55.0000000000,148.0000000000,0.0000000681,50.0000000000,100.0000000000,0.1000000000,10.0000000000,50.0000000000
55.0000000000,149.0000000000,0.0000000695,50.0000000000,100.0000000000,0.1000000000,10.0000000000,50.0000000000
55.0000000000,150.0000000000,0.0000000768,50.0000000000,100.0000000000,0.1000000000,10.0000000000,50.0000000000
55.0000000000,151.0000000000,0.0000000337,50.0000000000,100.0000000000,0.1000000000,10.0000000000,50.0000000000
55.0000000000,152.0000000000,0.0000000051,50.0000000000,100.0000000000,0.1000000000,10.0000000000,50.0000000000
55.0000000000,153.0000000000,0.0000000083,50.0000000000,100.0000000000,0.1000000000,10.0000000000,50.0000000000
56.0000000000,57.0000000000,0.0000000052,50.0000000000,100.0000000000,0.1000000000,10.0000000000,50.0000000000
56.0000000000,58.0000000000,0.0000000215,50.0000000000,100.0000000000,0.1000000000,10.0000000000,50.0000000000
56.0000000000,59.0000000000,0.0000000180,50.0000000000,100.0000000000,0.1000000000,10.0000000000,50.0000000000
56.0000000000,60.0000000000,0.0000001233,50.0000000000,100.0000000000,0.1000000000,10.0000000000,50.0000000000
56.0000000000,61.0000000000,0.0000001387,50.0000000000,100.0000000000,0.1000000000,10.0000000000,50.0000000000
56.0000000000,62.0000000000,0.0000003017,50.0000000000,100.0000000000,0.1000000000,10.0000000000,50.0000000000
56.0000000000,63.0000000000,0.0000005211,50.0000000000,100.0000000000,0.1000000000,10.0000000000,50.0000000000
56.0000000000,64.0000000000,0.0000006588,50.0000000000,100.0000000000,0.1000000000,10.0000000000,50.0000000000
56.0000000000,65.0000000000,0.0000012175,50.0000000000,100.0000000000,0.1000000000,10.0000000000,50.0000000000
56.0000000000,66.0000000000,0.0000020248,50.0000000000,100.0000000000,0.1000000000,10.0000000000,50.0000000000
56.0000000000,67.0000000000,0.0000030958,50.0000000000,100.0000000000,0.1000000000,10.0000000000,50.0000000000
56.0000000000,68.0000000000,0.0000043635,50.0000000000,100.0000000000,0.1000000000,10.0000000000,50.0000000000
56.0000000000,69.0000000000,0.0000066973,50.0000000000,100.0000000000,0.1000000000,10.0000000000,50.0000000000
56.0000000000,70.0000000000,0.0000097645,50.0000000000,100.0000000000,0.1000000000,10.0000000000,50.0000000000
56.0000000000,71.0000000000,0.0000142712,50.0000000000,100.0000000000,0.1000000000,10.0000000000,50.0000000000
56.0000000000,72.0000000000,0.0000196841,50.0000000000,100.0000000000,0.1000000000,10.0000000000,50.0000000000
56.0000000000,73.0000000000,0.0000280111,50.0000000000,100.0000000000,0.1000000000,10.0000000000,50.0000000000
56.0000000000,74.0000000000,0.0000391423,50.0000000000,100.0000000000,0.1000000000,10.0000000000,50.0000000000
56.0000000000,75.0000000000,0.0000520150,50.0000000000,100.0000000000,0.1000000000,10.0000000000,50.0000000000
56.0000000000,76.0000000000,0.0000687706,50.0000000000,100.0000000000,0.1000000000,10.0000000000,50.0000000000
56.0000000000,77.0000000000,0.0000917303,50.0000000000,100.0000000000,0.1000000000,10.0000000000,50.0000000000
56.0000000000,78.0000000000,0.0001185524,50.0000000000,100.0000000000,0.1000000000,10.0000000000,50.0000000000
56.0000000000,79.0000000000,0.0001505128,50.0000000000,100.0000000000,0.1000000000,10.0000000000,50.0000000000
56.0000000000,80.0000000000,0.0001860029,50.0000000000,100.0000000000,0.1000000000,10.0000000000,50.0000000000
56.0000000000,81.0000000000,0.0002333238,50.0000000000,100.0000000000,0.1000000000,10.0000000000,50.0000000000
56.0000000000,82.0000000000,0.0002847801,50.0000000000,100.0000000000,0.1000000000,10.0000000000,50.0000000000
56.0000000000,83.0000000000,0.0003438429,50.0000000000,100.0000000000,0.1000000000,10.0000000000,50.0000000000
56.0000000000,84.0000000000,0.0004096541,50.0000000000,100.0000000000,0.1000000000,10.0000000000,50.0000000000
56.0000000000,85.0000000000,0.0004854543,50.0000000000,100.0000000000,0.1000000000,10.0000000000,50.0000000000
56.0000000000,86.0000000000,0.0005653536,50.0000000000,100.0000000000,0.1000000000,10.0000000000,50.0000000000
56.0000000000,87.0000000000,0.0006534668,50.0000000000,100.0000000000,0.1000000000,10.0000000000,50.0000000000
56.0000000000,88.0000000000,0.0007462144,50.0000000000,100.0000000000,0.1000000000,10.0000000000,50.0000000000
56.0000000000,89.0000000000,0.0008423290,50.0000000000,100.0000000000,0.1000000000,10.0000000000,50.0000000000
56.0000000000,90.0000000000,0.0009373592,50.0000000000,100.0000000000,0.1000000000,10.0000000000,50.0000000000
56.0000000000,91.0000000000,0.0010327833,50.0000000000,100.0000000000,0.1000000000,10.0000000000,50.0000000000
56.0000000000,92.0000000000,0.0011244562,50.0000000000,100.0000000000,0.1000000000,10.0000000000,50.0000000000
56.0000000000,93.0000000000,0.0012143788,50.0000000000,100.0000000000,0.1000000000,10.0000000000,50.0000000000
56.0000000000,94.0000000000,0.0012906189,50.0000000000,100.0000000000,0.1000000000,10.0000000000,50.0000000000
56.0000000000,95.0000000000,0.0013594577,50.0000000000,100.0000000000,0.1000000000,10.0000000000,50.0000000000
56.0000000000,96.0000000000,0.0014173741,50.0000000000,100.0000000000,0.1000000000,10.0000000000,50.0000000000
56.0000000000,97.0000000000,0.0014566057,50.0000000000,100.0000000000,0.1000000000,10.0000000000,50.0000000000
56.0000000000,98.0000000000,0.0014866451,50.0000000000,100.0000000000,0.1000000000,10.0000000000,50.0000000000
56.0000000000,99.0000000000,0.0015048737,50.0000000000,100.0000000000,0.1000000000,10.0000000000,50.0000000000
56.0000000000,100.0000000000,0.0015117971,50.0000000000,100.0000000000,0.1000000000,10.0000000000,50.0000000000
56.0000000000,101.0000000000,0.0015034293,50.0000000000,100.0000000000,0.1000000000,10.0000000000,50.0000000000
56.0000000000,102.0000000000,0.0014676207,50.0000000000,100.0000000000,0.1000000000,10.0000000000,50.0000000000
56.0000000000,103.0000000000,0.0014225221,50.0000000000,100.0000000000,0.1000000000,10.0000000000,50.0000000000
56.0000000000,104.0000000000,0.0013720748,50.0000000000,100.0000000000,0.1000000000,10.0000000000,50.0000000000
56.0000000000,105.0000000000,0.0013095743,50.0000000000,100.0000000000,0.1000000000,10.0000000000,50.0000000000
56.0000000000,106.0000000000,0.0012325142,50.0000000000,100.0000000000,0.1000000000,10.0000000000,50.0000000000
56.0000000000,107.0000000000,0.0011525019,50.0000000000,100.0000000000,0.1000000000,10.0000000000,50.0000000000
56.0000000000,108.0000000000,0.0010682803,50.0000000000,100.0000000000,0.1000000000,10.0000000000,50.0000000000
56.0000000000,109.0000000000,0.0009787835,50.0000000000,100.0000000000,0.1000000000,10.0000000000,50.0000000000
56.0000000000,110.0000000000,0.0008884064,50.0000000000,100.0000000000,0.1000000000,10.0000000000,50.0000000000
56.0000000000,111.0000000000,0.0008018410,50.0000000000,100.0000000000,0.1000000000,10.0000000000,50.0000000000
56.0000000000,112.0000000000,0.0007141157,50.0000000000,100.0000000000,0.1000000000,10.0000000000,50.0000000000
56.0000000000,113.0000000000,0.0006337461,50.0000000000,100.0000000000,0.1000000000,10.0000000000,50.0000000000
56.0000000000,114.0000000000,0.0005542055,50.0000000000,100.0000000000,0.1000000000,10.0000000000,50.0000000000
56.0000000000,115.0000000000,0.0004804274,50.0000000000,100.0000000000,0.1000000000,10.0000000000,50.0000000000
56.0000000000,116.0000000000,0.0004169490,50.0000000000,100.0000000000,0.1000000000,10.0000000000,50.0000000000
56.0000000000,117.0000000000,0.0003538646,50.0000000000,100.0000000000,0.1000000000,10.0000000000,50.0000000000
56.0000000000,118.0000000000,0.0003014324,50.0000000000,100.0000000000,0.1000000000,10.0000000000,50.0000000000
56.0000000000,119.0000000000,0.0002542889,50.0000000000,100.0000000000,0.1000000000,10.0000000000,50.0000000000
56.0000000000,120.0000000000,0.0002117846,50.0000000000,100.0000000000,0.1000000000,10.0000000000,50.0000000000
56.0000000000,121.0000000000,0.0001783697,50.0000000000,100.0000000000,0.1000000000,10.0000000000,50.0000000000
56.0000000000,122.0000000000,0.0001455931,50.0000000000,100.0000000000,0.1000000000,10.0000000000,50.0000000000
56.0000000000,123.0000000000,0.0001181017,50.0000000000,100.0000000000,0.1000000000,10.0000000000,50.0000000000
56.0000000000,124.0000000000,0.0000946800,50.0000000000,100.0000000000,0.1000000000,10.0000000000,50.0000000000
56.0000000000,125.0000000000,0.0000756417,50.0000000000,100.0000000000,0.1000000000,10.0000000000,50.0000000000
56.0000000000,126.0000000000,0.0000601702,50.0000000000,100.0000000000,0.1000000000,10.0000000000,50.0000000000
56.0000000000,127.0000000000,0.0000467228,50.0000000000,100.0000000000,0.1000000000,10.0000000000,50.0000000000
56.0000000000,128.0000000000,0.0000354697,50.0000000000,100.0000000000,0.1000000000,10.0000000000,50.0000000000
56.0000000000,129.0000000000,0.0000274170,50.0000000000,100.0000000000,0.1000000000,10.0000000000,50.0000000000
56.0000000000,130.0000000000,0.0000207549,50.0000000000,100.0000000000,0.1000000000,10.0000000000,50.0000000000
56.0000000000,131.0000000000,0.0000152361,50.0000000000,100.0000000000,0.1000000000,10.0000000000,50.0000000000
56.0000000000,132.0000000000,0.0000121267,50.0000000000,100.0000000000,0.1000000000,10.0000000000,50.0000000000
56.0000000000,133.0000000000,0.0000092190,50.0000000000,100.0000000000,0.1000000000,10.0000000000,50.0000000000
56.0000000000,134.0000000000,0.0000066172,50.0000000000,100.0000000000,0.1000000000,10.0000000000,50.0000000000
56.0000000000,135.0000000000,0.0000047619,50.0000000000,100.0000000000,0.1000000000,10.0000000000,50.0000000000
56.0000000000,136.0000000000,0.0000038900,50.0000000000,100.0000000000,0.1000000000,10.0000000000,50.0000000000
56.0000000000,137.0000000000,0.0000026070,50.0000000000,100.0000000000,0.1000000000,10.0000000000,50.0000000000
56.0000000000,138.0000000000,0.0000020296,50.0000000000,100.0000000000,0.1000000000,10.0000000000,50.0000000000
56.0000000000,139.0000000000,0.0000013490,50.0000000000,100.0000000000,0.1000000000,10.0000000000,50.0000000000
56.0000000000,140.0000000000,0.0000008701,50.0000000000,100.0000000000,0.1000000000,10.0000000000,50.0000000000
56.0000000000,141.0000000000,0.0000005753,50.0000000000,100.0000000000,0.1000000000,10.0000000000,50.0000000000
56.0000000000,142.0000000000,0.0000004166,50.0000000000,100.0000000000,0.1000000000,10.0000000000,50.0000000000
56.0000000000,143.0000000000,0.0000003194,50.0000000000,100.0000000000,0.1000000000,10.0000000000,50.0000000000
56.0000000000,144.0000000000,0.0000001910,50.0000000000,100.0000000000,0.1000000000,10.0000000000,50.0000000000
56.0000000000,145.0000000000,0.0000001496,50.0000000000,100.0000000000,0.1000000000,10.0000000000,50.0000000000
56.0000000000,146.0000000000,0.0000001026,50.0000000000,100.0000000000,0.1000000000,10.0000000000,50.0000000000
56.0000000000,147.0000000000,0.0000000754,50.0000000000,100.0000000000,0.1000000000,10.0000000000,50.0000000000
56.0000000000,148.0000000000,0.0000000426,50.0000000000,100.0000000000,0.1000000000,10.0000000000,50.0000000000
56.0000000000,149.0000000000,0.0000000395,50.0000000000,100.0000000000,0.1000000000,10.0000000000,50.0000000000
56.0000000000,150.0000000000,0.0000000480,50.0000000000,100.0000000000,0.1000000000,10.0000000000,50.0000000000
56.0000000000,151.0000000000,0.0000000440,50.0000000000,100.0000000000,0.1000000000,10.0000000000,50.0000000000
57.0000000000,57.0000000000,0.0000000031,50.0000000000,100.0000000000,0.1000000000,10.0000000000,50.0000000000
57.0000000000,58.0000000000,0.0000000121,50.0000000000,100.0000000000,0.1000000000,10.0000000000,50.0000000000
57.0000000000,59.0000000000,0.0000000234,50.0000000000,100.0000000000,0.1000000000,10.0000000000,50.0000000000
57.0000000000,60.0000000000,0.0000000898,50.0000000000,100.0000000000,0.1000000000,10.0000000000,50.0000000000
57.0000000000,61.0000000000,0.0000001027,50.0000000000,100.0000000000,0.1000000000,10.0000000000,50.0000000000
57.0000000000,62.0000000000,0.0000002659,50.0000000000,100.0000000000,0.1000000000,10.0000000000,50.0000000000
57.0000000000,63.0000000000,0.0000004926,50.0000000000,100.0000000000,0.1000000000,10.0000000000,50.0000000000
57.0000000000,64.0000000000,0.0000005560,50.0000000000,100.0000000000,0.1000000000,10.0000000000,50.0000000000
57.0000000000,65.0000000000,0.0000010738,50.0000000000,100.0000000000,0.1000000000,10.0000000000,50.0000000000
57.0000000000,66.0000000000,0.0000016275,50.0000000000,100.0000000000,0.1000000000,10.0000000000,50.0000000000
57.0000000000,67.0000000000,0.0000027010,50.0000000000,100.0000000000,0.1000000000,10.0000000000,50.0000000000
57.0000000000,68.0000000000,0.0000039372,50.0000000000,100.0000000000,0.1000000000,10.0000000000,50.0000000000
57.0000000000,69.0000000000,0.0000057230,50.0000000000,100.0000000000,0.1000000000,10.0000000000,50.0000000000
57.0000000000,70.0000000000,0.0000083120,50.0000000000,100.0000000000,0.1000000000,10.0000000000,50.0000000000
57.0000000000,71.0000000000,0.0000119224,50.0000000000,100.0000000000,0.1000000000,10.0000000000,50.0000000000
57.0000000000,72.0000000000,0.0000166806,50.0000000000,100.0000000000,0.1000000000,10.0000000000,50.0000000000
57.0000000000,73.0000000000,0.0000246318,50.0000000000,100.0000000000,0.1000000000,10.0000000000,50.0000000000
57.0000000000,74.0000000000,0.0000340558,50.0000000000,100.0000000000,0.1000000000,10.0000000000,50.0000000000
57.0000000000,75.0000000000,0.0000450337,50.0000000000,100.0000000000,0.1000000000,10.0000000000,50.0000000000
57.0000000000,76.0000000000,0.0000596542,50.0000000000,100.0000000000,0.1000000000,10.0000000000,50.0000000000
57.0000000000,77.0000000000,0.0000789769,50.0000000000,100.0000000000,0.1000000000,10.0000000000,50.0000000000
57.0000000000,78.0000000000,0.0001022488,50.0000000000,100.0000000000,0.1000000000,10.0000000000,50.0000000000
57.0000000000,79.0000000000,0.0001306511,50.0000000000,100.0000000000,0.1000000000,10.0000000000,50.0000000000
57.0000000000,80.0000000000,0.0001626370,50.0000000000,100.0000000000,0.1000000000,10.0000000000,50.0000000000
57.0000000000,81.0000000000,0.0002056980,50.0000000000,100.0000000000,0.1000000000,10.0000000000,50.0000000000
57.0000000000,82.0000000000,0.0002511303,50.0000000000,100.0000000000,0.1000000000,10.0000000000,50.0000000000
57.0000000000,83.0000000000,0.0003019335,50.0000000000,100.0000000000,0.1000000000,10.0000000000,50.0000000000
57.0000000000,84.0000000000,0.0003597885,50.0000000000,100.0000000000,0.1000000000,10.0000000000,50.0000000000
57.0000000000,85.0000000000,0.0004244293,50.0000000000,100.0000000000,0.1000000000,10.0000000000,50.0000000000
57.0000000000,86.0000000000,0.0004964748,50.0000000000,100.0000000000,0.1000000000,10.0000000000,50.0000000000
57.0000000000,87.0000000000,0.0005733061,50.0000000000,100.0000000000,0.1000000000,10.0000000000,50.0000000000
57.0000000000,88.0000000000,0.0006541811,50.0000000000,100.0000000000,0.1000000000,10.0000000000,50.0000000000
57.0000000000,89.0000000000,0.0007407033,50.0000000000,100.0000000000,0.1000000000,10.0000000000,50.0000000000
57.0000000000,90.0000000000,0.0008227997,50.0000000000,100.0000000000,0.1000000000,10.0000000000,50.0000000000
57.0000000000,91.0000000000,0.0009019843,50.0000000000,100.0000000000,0.1000000000,10.0000000000,50.0000000000
57.0000000000,92.0000000000,0.0009864220,50.0000000000,100.0000000000,0.1000000000,10.0000000000,50.0000000000
57.0000000000,93.0000000000,0.0010672238,50.0000000000,100.0000000000,0.1000000000,10.0000000000,50.0000000000
57.0000000000,94.0000000000,0.0011351801,50.0000000000,100.0000000000,0.1000000000,10.0000000000,50.0000000000
57.0000000000,95.0000000000,0.0011933595,50.0000000000,100.0000000000,0.1000000000,10.0000000000,50.0000000000
57.0000000000,96.0000000000,0.0012473869,50.0000000000,100.0000000000,0.1000000000,10.0000000000,50.0000000000
57.0000000000,97.0000000000,0.0012818498,50.0000000000,100.0000000000,0.1000000000,10.0000000000,50.0000000000
57.0000000000,98.0000000000,0.0013053965,50.0000000000,100.0000000000,0.1000000000,10.0000000000,50.0000000000
57.0000000000,99.0000000000,0.0013238297,50.0000000000,100.0000000000,0.1000000000,10.0000000000,50.0000000000
57.0000000000,100.0000000000,0.0013260245,50.0000000000,100.0000000000,0.1000000000,10.0000000000,50.0000000000
57.0000000000,101.0000000000,0.0013206438,50.0000000000,100.0000000000,0.1000000000,10.0000000000,50.0000000000
57.0000000000,102.0000000000,0.0012877146,50.0000000000,100.0000000000,0.1000000000,10.0000000000,50.0000000000
57.0000000000,103.0000000000,0.0012518740,50.0000000000,100.0000000000,0.1000000000,10.0000000000,50.0000000000
57.0000000000,104.0000000000,0.0012063582,50.0000000000,100.0000000000,0.1000000000,10.0000000000,50.0000000000
57.0000000000,105.0000000000,0.0011516112,50.0000000000,100.0000000000,0.1000000000,10.0000000000,50.0000000000
57.0000000000,106.0000000000,0.0010850105,50.0000000000,100.0000000000,0.1000000000,10.0000000000,50.0000000000
57.0000000000,107.0000000000,0.0010153865,50.0000000000,100.0000000000,0.1000000000,10.0000000000,50.0000000000
57.0000000000,108.0000000000,0.0009406447,50.0000000000,100.0000000000,0.1000000000,10.0000000000,50.0000000000
57.0000000000,109.0000000000,0.0008621386,50.0000000000,100.0000000000,0.1000000000,10.0000000000,50.0000000000
57.0000000000,110.0000000000,0.0007847078,50.0000000000,100.0000000000,0.1000000000,10.0000000000,50.0000000000
57.0000000000,111.0000000000,0.0007066305,50.0000000000,100.0000000000,0.1000000000,10.0000000000,50.0000000000
57.0000000000,112.0000000000,0.0006299704,50.0000000000,100.0000000000,0.1000000000,10.0000000000,50.0000000000
57.0000000000,113.0000000000,0.0005589326,50.0000000000,100.0000000000,0.1000000000,10.0000000000,50.0000000000
57.0000000000,114.0000000000,0.0004853557,50.0000000000,100.0000000000,0.1000000000,10.0000000000,50.0000000000
57.0000000000,115.0000000000,0.0004211503,50.0000000000,100.0000000000,0.1000000000,10.0000000000,50.0000000000
57.0000000000,116.0000000000,0.0003674309,50.0000000000,100.0000000000,0.1000000000,10.0000000000,50.0000000000
57.0000000000,117.0000000000,0.0003133235,50.0000000000,100.0000000000,0.1000000000,10.0000000000,50.0000000000
57.0000000000,118.0000000000,0.0002671940,50.0000000000,100.0000000000,0.1000000000,10.0000000000,50.0000000000
57.0000000000,119.0000000000,0.0002258489,50.0000000000,100.0000000000,0.1000000000,10.0000000000,50.0000000000
57.0000000000,120.0000000000,0.0001866706,50.0000000000,100.0000000000,0.1000000000,10.0000000000,50.0000000000
57.0000000000,121.0000000000,0.0001557448,50.0000000000,100.0000000000,0.1000000000,10.0000000000,50.0000000000
57.0000000000,122.0000000000,0.0001291072,50.0000000000,100.0000000000,0.1000000000,10.0000000000,50.0000000000
57.0000000000,123.0000000000,0.0001030675,50.0000000000,100.0000000000,0.1000000000,10.0000000000,50.0000000000
57.0000000000,124.0000000000,0.0000833768,50.0000000000,100.0000000000,0.1000000000,10.0000000000,50.0000000000
57.0000000000,125.0000000000,0.0000665975,50.0000000000,100.0000000000,0.1000000000,10.0000000000,50.0000000000
57.0000000000,126.0000000000,0.0000536851,50.0000000000,100.0000000000,0.1000000000,10.0000000000,50.0000000000
57.0000000000,127.0000000000,0.0000411836,50.0000000000,100.0000000000,0.1000000000,10.0000000000,50.0000000000
57.0000000000,128.0000000000,0.0000312913,50.0000000000,100.0000000000,0.1000000000,10.0000000000,50.0000000000
57.0000000000,129.0000000000,0.0000245265,50.0000000000,100.0000000000,0.1000000000,10.0000000000,50.0000000000
57.0000000000,130.0000000000,0.0000179229,50.0000000000,100.0000000000,0.1000000000,10.0000000000,50.0000000000
57.0000000000,131.0000000000,0.0000134489,50.0000000000,100.0000000000,0.1000000000,10.0000000000,50.0000000000
57.0000000000,132.0000000000,0.0000106899,50.0000000000,100.0000000000,0.1000000000,10.0000000000,50.0000000000
57.0000000000,133.0000000000,0.0000080823,50.0000000000,100.0000000000,0.1000000000,10.0000000000,50.0000000000
57.0000000000,134.0000000000,0.0000056372,50.0000000000,100.0000000000,0.1000000000,10.0000000000,50.0000000000
57.0000000000,135.0000000000,0.0000043201,50.0000000000,100.0000000000,0.1000000000,10.0000000000,50.0000000000
57.0000000000,136.0000000000,0.0000032165,50.0000000000,100.0000000000,0.1000000000,10.0000000000,50.0000000000
57.0000000000,137.0000000000,0.0000024500,50.0000000000,100.0000000000,0.1000000000,10.0000000000,50.0000000000
57.0000000000,138.0000000000,0.0000016703,50.0000000000,100.0000000000,0.1000000000,10.0000000000,50.0000000000
57.0000000000,139.0000000000,0.0000012000,50.0000000000,100.0000000000,0.1000000000,10.0000000000,50.0000000000
57.0000000000,140.0000000000,0.0000008133,50.0000000000,100.0000000000,0.1000000000,10.0000000000,50.0000000000
57.0000000000,141.0000000000,0.0000005915,50.0000000000,100.0000000000,0.1000000000,10.0000000000,50.0000000000
57.0000000000,142.0000000000,0.0000004145,50.0000000000,100.0000000000,0.1000000000,10.0000000000,50.0000000000
57.0000000000,143.0000000000,0.0000003108,50.0000000000,100.0000000000,0.1000000000,10.0000000000,50.0000000000
57.0000000000,144.0000000000,0.0000001693,50.0000000000,100.0000000000,0.1000000000,10.0000000000,50.0000000000
57.0000000000,145.0000000000,0.0000001700,50.0000000000,100.0000000000,0.1000000000,10.0000000000,50.0000000000
57.0000000000,146.0000000000,0.0000000953,50.0000000000,100.0000000000,0.1000000000,10.0000000000,50.0000000000
57.0000000000,147.0000000000,0.0000000580,50.0000000000,100.0000000000,0.1000000000,10.0000000000,50.0000000000
57.0000000000,148.0000000000,0.0000000317,50.0000000000,100.0000000000,0.1000000000,10.0000000000,50.0000000000
57.0000000000,149.0000000000,0.0000000240,50.0000000000,100.0000000000,0.1000000000,10.0000000000,50.0000000000
57.0000000000,150.0000000000,0.0000000228,50.0000000000,100.0000000000,0.1000000000,10.0000000000,50.0000000000
57.0000000000,151.0000000000,0.0000000245,50.0000000000,100.0000000000,0.1000000000,10.0000000000,50.0000000000
57.0000000000,152.0000000000,0.0000000038,50.0000000000,100.0000000000,0.1000000000,10.0000000000,50.0000000000
57.0000000000,153.0000000000,0.0000000001,50.0000000000,100.0000000000,0.1000000000,10.0000000000,50.0000000000
58.0000000000,57.0000000000,0.0000000040,50.0000000000,100.0000000000,0.1000000000,10.0000000000,50.0000000000
58.0000000000,58.0000000000,0.0000000102,50.0000000000,100.0000000000,0.1000000000,10.0000000000,50.0000000000
58.0000000000,59.0000000000,0.0000000171,50.0000000000,100.0000000000,0.1000000000,10.0000000000,50.0000000000
58.0000000000,60.0000000000,0.0000000740,50.0000000000,100.0000000000,0.1000000000,10.0000000000,50.0000000000
58.0000000000,61.0000000000,0.0000001113,50.0000000000,100.0000000000,0.1000000000,10.0000000000,50.0000000000
58.0000000000,62.0000000000,0.0000002452,50.0000000000,100.0000000000,0.1000000000,10.0000000000,50.0000000000
58.0000000000,63.0000000000,0.0000003861,50.0000000000,100.0000000000,0.1000000000,10.0000000000,50.0000000000
58.0000000000,64.0000000000,0.0000004548,50.0000000000,100.0000000000,0.1000000000,10.0000000000,50.0000000000
58.0000000000,65.0000000000,0.0000008810,50.0000000000,100.0000000000,0.1000000000,10.0000000000,50.0000000000
58.0000000000,66.0000000000,0.0000014152,50.0000000000,100.0000000000,0.1000000000,10.0000000000,50.0000000000
58.0000000000,67.0000000000,0.0000022034,50.0000000000,100.0000000000,0.1000000000,10.0000000000,50.0000000000
58.0000000000,68.0000000000,0.0000032505,50.0000000000,100.0000000000,0.1000000000,10.0000000000,50.0000000000
58.0000000000,69.0000000000,0.0000046338,50.0000000000,100.0000000000,0.1000000000,10.0000000000,50.0000000000
58.0000000000,70.0000000000,0.0000071476,50.0000000000,100.0000000000,0.1000000000,10.0000000000,50.0000000000
58.0000000000,71.0000000000,0.0000104025,50.0000000000,100.0000000000,0.1000000000,10.0000000000,50.0000000000
58.0000000000,72.0000000000,0.0000140150,50.0000000000,100.0000000000,0.1000000000,10.0000000000,50.0000000000
58.0000000000,73.0000000000,0.0000203102,50.0000000000,100.0000000000,0.1000000000,10.0000000000,50.0000000000
58.0000000000,74.0000000000,0.0000291358,50.0000000000,100.0000000000,0.1000000000,10.0000000000,50.0000000000
58.0000000000,75.0000000000,0.0000385429,50.0000000000,100.0000000000,0.1000000000,10.0000000000,50.0000000000
58.0000000000,76.0000000000,0.0000514868,50.0000000000,100.0000000000,0.1000000000,10.0000000000,50.0000000000
58.0000000000,77.0000000000,0.0000676546,50.0000000000,100.0000000000,0.1000000000,10.0000000000,50.0000000000
58.0000000000,78.0000000000,0.0000878144,50.0000000000,100.0000000000,0.1000000000,10.0000000000,50.0000000000
58.0000000000,79.0000000000,0.0001116600,50.0000000000,100.0000000000,0.1000000000,10.0000000000,50.0000000000
58.0000000000,80.0000000000,0.0001397054,50.0000000000,100.0000000000,0.1000000000,10.0000000000,50.0000000000
58.0000000000,81.0000000000,0.0001767667,50.0000000000,100.0000000000,0.1000000000,10.0000000000,50.0000000000
58.0000000000,82.0000000000,0.0002151628,50.0000000000,100.0000000000,0.1000000000,10.0000000000,50.0000000000
58.0000000000,83.0000000000,0.0002593212,50.0000000000,100.0000000000,0.1000000000,10.0000000000,50.0000000000
58.0000000000,84.0000000000,0.0003094648,50.0000000000,100.0000000000,0.1000000000,10.0000000000,50.0000000000
58.0000000000,85.0000000000,0.0003664352,50.0000000000,100.0000000000,0.1000000000,10.0000000000,50.0000000000
58.0000000000,86.0000000000,0.0004281124,50.0000000000,100.0000000000,0.1000000000,10.0000000000,50.0000000000
58.0000000000,87.0000000000,0.0004961721,50.0000000000,100.0000000000,0.1000000000,10.0000000000,50.0000000000
58.0000000000,88.0000000000,0.0005635921,50.0000000000,100.0000000000,0.1000000000,10.0000000000,50.0000000000
58.0000000000,89.0000000000,0.0006358001,50.0000000000,100.0000000000,0.1000000000,10.0000000000,50.0000000000
58.0000000000,90.0000000000,0.0007056925,50.0000000000,100.0000000000,0.1000000000,10.0000000000,50.0000000000
58.0000000000,91.0000000000,0.0007810913,50.0000000000,100.0000000000,0.1000000000,10.0000000000,50.0000000000
58.0000000000,92.0000000000,0.0008491335,50.0000000000,100.0000000000,0.1000000000,10.0000000000,50.0000000000
58.0000000000,93.0000000000,0.0009196363,50.0000000000,100.0000000000,0.1000000000,10.0000000000,50.0000000000
58.0000000000,94.0000000000,0.0009740161,50.0000000000,100.0000000000,0.1000000000,10.0000000000,50.0000000000
58.0000000000,95.0000000000,0.0010268284,50.0000000000,100.0000000000,0.1000000000,10.0000000000,50.0000000000
58.0000000000,96.0000000000,0.0010740179,50.0000000000,100.0000000000,0.1000000000,10.0000000000,50.0000000000
58.0000000000,97.0000000000,0.0011048669,50.0000000000,100.0000000000,0.1000000000,10.0000000000,50.0000000000
58.0000000000,98.0000000000,0.0011321660,50.0000000000,100.0000000000,0.1000000000,10.0000000000,50.0000000000
58.0000000000,99.0000000000,0.0011433775,50.0000000000,100.0000000000,0.1000000000,10.0000000000,50.0000000000
58.0000000000,100.0000000000,0.0011447645,50.0000000000,100.0000000000,0.1000000000,10.0000000000,50.0000000000
58.0000000000,101.0000000000,0.0011378664,50.0000000000,100.0000000000,0.1000000000,10.0000000000,50.0000000000
58.0000000000,102.0000000000,0.0011165685,50.0000000000,100.0000000000,0.1000000000,10.0000000000,50.0000000000
58.0000000000,103.0000000000,0.0010827578,50.0000000000,100.0000000000,0.1000000000,10.0000000000,50.0000000000
58.0000000000,104.0000000000,0.0010452582,50.0000000000,100.0000000000,0.1000000000,10.0000000000,50.0000000000
58.0000000000,105.0000000000,0.0009975730,50.0000000000,100.0000000000,0.1000000000,10.0000000000,50.0000000000
58.0000000000,106.0000000000,0.0009366938,50.0000000000,100.0000000000,0.1000000000,10.0000000000,50.0000000000
58.0000000000,107.0000000000,0.0008788113,50.0000000000,100.0000000000,0.1000000000,10.0000000000,50.0000000000
58.0000000000,108.0000000000,0.0008129095,50.0000000000,100.0000000000,0.1000000000,10.0000000000,50.0000000000
58.0000000000,109.0000000000,0.0007494338,50.0000000000,100.0000000000,0.1000000000,10.0000000000,50.0000000000
58.0000000000,110.0000000000,0.0006793691,50.0000000000,100.0000000000,0.1000000000,10.0000000000,50.0000000000
58.0000000000,111.0000000000,0.0006085738,50.0000000000,100.0000000000,0.1000000000,10.0000000000,50.0000000000
58.0000000000,112.0000000000,0.0005445122,50.0000000000,100.0000000000,0.1000000000,10.0000000000,50.0000000000
58.0000000000,113.0000000000,0.0004818262,50.0000000000,100.0000000000,0.1000000000,10.0000000000,50.0000000000
58.0000000000,114.0000000000,0.0004198847,50.0000000000,100.0000000000,0.1000000000,10.0000000000,50.0000000000
58.0000000000,115.0000000000,0.0003635695,50.0000000000,100.0000000000,0.1000000000,10.0000000000,50.0000000000
58.0000000000,116.0000000000,0.0003157382,50.0000000000,100.0000000000,0.1000000000,10.0000000000,50.0000000000
58.0000000000,117.0000000000,0.0002711822,50.0000000000,100.0000000000,0.1000000000,10.0000000000,50.0000000000
58.0000000000,118.0000000000,0.0002312506,50.0000000000,100.0000000000,0.1000000000,10.0000000000,50.0000000000
58.0000000000,119.0000000000,0.0001937080,50.0000000000,100.0000000000,0.1000000000,10.0000000000,50.0000000000
58.0000000000,120.0000000000,0.0001612661,50.0000000000,100.0000000000,0.1000000000,10.0000000000,50.0000000000
58.0000000000,121.0000000000,0.0001352896,50.0000000000,100.0000000000,0.1000000000,10.0000000000,50.0000000000
58.0000000000,122.0000000000,0.0001114757,50.0000000000,100.0000000000,0.1000000000,10.0000000000,50.0000000000
58.0000000000,123.0000000000,0.0000878109,50.0000000000,100.0000000000,0.1000000000,10.0000000000,50.0000000000
58.0000000000,124.0000000000,0.0000729770,50.0000000000,100.0000000000,0.1000000000,10.0000000000,50.0000000000
58.0000000000,125.0000000000,0.0000583783,50.0000000000,100.0000000000,0.1000000000,10.0000000000,50.0000000000
58.0000000000,126.0000000000,0.0000459537,50.0000000000,100.0000000000,0.1000000000,10.0000000000,50.0000000000
58.0000000000,127.0000000000,0.0000355508,50.0000000000,100.0000000000,0.1000000000,10.0000000000,50.0000000000
58.0000000000,128.0000000000,0.0000276407,50.0000000000,100.0000000000,0.1000000000,10.0000000000,50.0000000000
58.0000000000,129.0000000000,0.0000210246,50.0000000000,100.0000000000,0.1000000000,10.0000000000,50.0000000000
58.0000000000,130.0000000000,0.0000154612,50.0000000000,100.0000000000,0.1000000000,10.0000000000,50.0000000000
58.0000000000,131.0000000000,0.0000118391,50.0000000000,100.0000000000,0.1000000000,10.0000000000,50.0000000000
58.0000000000,132.0000000000,0.0000090544,50.0000000000,100.0000000000,0.1000000000,10.0000000000,50.0000000000
58.0000000000,133.0000000000,0.0000071051,50.0000000000,100.0000000000,0.1000000000,10.0000000000,50.0000000000
58.0000000000,134.0000000000,0.0000048545,50.0000000000,100.0000000000,0.1000000000,10.0000000000,50.0000000000
58.0000000000,135.0000000000,0.0000036120,50.0000000000,100.0000000000,0.1000000000,10.0000000000,50.0000000000
58.0000000000,136.0000000000,0.0000026998,50.0000000000,100.0000000000,0.1000000000,10.0000000000,50.0000000000
58.0000000000,137.0000000000,0.0000020935,50.0000000000,100.0000000000,0.1000000000,10.0000000000,50.0000000000
58.0000000000,138.0000000000,0.0000015748,50.0000000000,100.0000000000,0.1000000000,10.0000000000,50.0000000000
58.0000000000,139.0000000000,0.0000010198,50.0000000000,100.0000000000,0.1000000000,10.0000000000,50.0000000000
58.0000000000,140.0000000000,0.0000007854,50.0000000000,100.0000000000,0.1000000000,10.0000000000,50.0000000000
58.0000000000,141.0000000000,0.0000006178,50.0000000000,100.0000000000,0.1000000000,10.0000000000,50.0000000000
58.0000000000,142.0000000000,0.0000003774,50.0000000000,100.0000000000,0.1000000000,10.0000000000,50.0000000000
58.0000000000,143.0000000000,0.0000003047,50.0000000000,100.0000000000,0.1000000000,10.0000000000,50.0000000000
58.0000000000,144.0000000000,0.0000001680,50.0000000000,100.0000000000,0.1000000000,10.0000000000,50.0000000000
58.0000000000,145.0000000000,0.0000001230,50.0000000000,100.0000000000,0.1000000000,10.0000000000,50.0000000000
58.0000000000,146.0000000000,0.0000000900,50.0000000000,100.0000000000,0.1000000000,10.0000000000,50.0000000000
58.0000000000,147.0000000000,0.0000000268,50.0000000000,100.0000000000,0.1000000000,10.0000000000,50.0000000000
58.0000000000,148.0000000000,0.0000000180,50.0000000000,100.0000000000,0.1000000000,10.0000000000,50.0000000000
58.0000000000,149.0000000000,0.0000000135,50.0000000000,100.0000000000,0.1000000000,10.0000000000,50.0000000000
58.0000000000,150.0000000000,0.0000000200,50.0000000000,100.0000000000,0.1000000000,10.0000000000,50.0000000000
58.0000000000,151.0000000000,0.0000000049,50.0000000000,100.0000000000,0.1000000000,10.0000000000,50.0000000000
58.0000000000,152.0000000000,0.0000000040,50.0000000000,100.0000000000,0.1000000000,10.0000000000,50.0000000000
58.0000000000,153.0000000000,0.0000000006,50.0000000000,100.0000000000,0.1000000000,10.0000000000,50.0000000000
58.0000000000,154.0000000000,0.0000000011,50.0000000000,100.0000000000,0.1000000000,10.0000000000,50.0000000000
59.0000000000,57.0000000000,0.0000000007,50.0000000000,100.0000000000,0.1000000000,10.0000000000,50.0000000000
59.0000000000,58.0000000000,0.0000000109,50.0000000000,100.0000000000,0.1000000000,10.0000000000,50.0000000000
59.0000000000,59.0000000000,0.0000000060,50.0000000000,100.0000000000,0.1000000000,10.0000000000,50.0000000000
59.0000000000,60.0000000000,0.0000000577,50.0000000000,100.0000000000,0.1000000000,10.0000000000,50.0000000000
59.0000000000,61.0000000000,0.0000000976,50.0000000000,100.0000000000,0.1000000000,10.0000000000,50.0000000000
59.0000000000,62.0000000000,0.0000002327,50.0000000000,100.0000000000,0.1000000000,10.0000000000,50.0000000000
59.0000000000,63.0000000000,0.0000002882,50.0000000000,100.0000000000,0.1000000000,10.0000000000,50.0000000000
59.0000000000,64.0000000000,0.0000004167,50.0000000000,100.0000000000,0.1000000000,10.0000000000,50.0000000000
59.0000000000,65.0000000000,0.0000007806,50.0000000000,100.0000000000,0.1000000000,10.0000000000,50.0000000000
59.0000000000,66.0000000000,0.0000011663,50.0000000000,100.0000000000,0.1000000000,10.0000000000,50.0000000000
59.0000000000,67.0000000000,0.0000018268,50.0000000000,100.0000000000,0.1000000000,10.0000000000,50.0000000000
59.0000000000,68.0000000000,0.0000028073,50.0000000000,100.0000000000,0.1000000000,10.0000000000,50.0000000000
59.0000000000,69.0000000000,0.0000040849,50.0000000000,100.0000000000,0.1000000000,10.0000000000,50.0000000000
59.0000000000,70.0000000000,0.0000055326,50.0000000000,100.0000000000,0.1000000000,10.0000000000,50.0000000000
59.0000000000,71.0000000000,0.0000084825,50.0000000000,100.0000000000,0.1000000000,10.0000000000,50.0000000000
59.0000000000,72.0000000000,0.0000116864,50.0000000000,100.0000000000,0.1000000000,10.0000000000,50.0000000000
59.0000000000,73.0000000000,0.0000166202,50.0000000000,100.0000000000,0.1000000000,10.0000000000,50.0000000000
59.0000000000,74.0000000000,0.0000239730,50.0000000000,100.0000000000,0.1000000000,10.0000000000,50.0000000000
59.0000000000,75.0000000000,0.0000324602,50.0000000000,100.0000000000,0.1000000000,10.0000000000,50.0000000000
59.0000000000,76.0000000000,0.0000423918,50.0000000000,100.0000000000,0.1000000000,10.0000000000,50.0000000000
59.0000000000,77.0000000000,0.0000566494,50.0000000000,100.0000000000,0.1000000000,10.0000000000,50.0000000000
59.0000000000,78.0000000000,0.0000734841,50.0000000000,100.0000000000,0.1000000000,10.0000000000,50.0000000000
59.0000000000,79.0000000000,0.0000935887,50.0000000000,100.0000000000,0.1000000000,10.0000000000,50.0000000000
59.0000000000,80.0000000000,0.0001182706,50.0000000000,100.0000000000,0.1000000000,10.0000000000,50.0000000000
59.0000000000,81.0000000000,0.0001488710,50.0000000000,100.0000000000,0.1000000000,10.0000000000,50.0000000000
59.0000000000,82.0000000000,0.0001822884,50.0000000000,100.0000000000,0.1000000000,10.0000000000,50.0000000000
59.0000000000,83.0000000000,0.0002193179,50.0000000000,100.0000000000,0.1000000000,10.0000000000,50.0000000000
59.0000000000,84.0000000000,0.0002622883,50.0000000000,100.0000000000,0.1000000000,10.0000000000,50.0000000000
59.0000000000,85.0000000000,0.0003088498,50.0000000000,100.0000000000,0.1000000000,10.0000000000,50.0000000000
59.0000000000,86.0000000000,0.0003601518,50.0000000000,100.0000000000,0.1000000000,10.0000000000,50.0000000000
59.0000000000,87.0000000000,0.0004182514,50.0000000000,100.0000000000,0.1000000000,10.0000000000,50.0000000000
59.0000000000,88.0000000000,0.0004752798,50.0000000000,100.0000000000,0.1000000000,10.0000000000,50.0000000000
59.0000000000,89.0000000000,0.0005386455,50.0000000000,100.0000000000,0.1000000000,10.0000000000,50.0000000000
59.0000000000,90.0000000000,0.0005967610,50.0000000000,100.0000000000,0.1000000000,10.0000000000,50.0000000000
59.0000000000,91.0000000000,0.0006588921,50.0000000000,100.0000000000,0.1000000000,10.0000000000,50.0000000000
59.0000000000,92.0000000000,0.0007195301,50.0000000000,100.0000000000,0.1000000000,10.0000000000,50.0000000000
59.0000000000,93.0000000000,0.0007735968,50.0000000000,100.0000000000,0.1000000000,10.0000000000,50.0000000000
59.0000000000,94.0000000000,0.0008230468,50.0000000000,100.0000000000,0.1000000000,10.0000000000,50.0000000000
59.0000000000,95.0000000000,0.0008670329,50.0000000000,100.0000000000,0.1000000000,10.0000000000,50.0000000000
59.0000000000,96.0000000000,0.0009089764,50.0000000000,100.0000000000,0.1000000000,10.0000000000,50.0000000000
59.0000000000,97.0000000000,0.0009382798,50.0000000000,100.0000000000,0.1000000000,10.0000000000,50.0000000000
59.0000000000,98.0000000000,0.0009611600,50.0000000000,100.0000000000,0.1000000000,10.0000000000,50.0000000000
59.0000000000,99.0000000000,0.0009732302,50.0000000000,100.0000000000,0.1000000000,10.0000000000,50.0000000000
59.0000000000,100.0000000000,0.0009727709,50.0000000000,100.0000000000,0.1000000000,10.0000000000,50.0000000000
59.0000000000,101.0000000000,0.0009635673,50.0000000000,100.0000000000,0.1000000000,10.0000000000,50.0000000000
59.0000000000,102.0000000000,0.0009489410,50.0000000000,100.0000000000,0.1000000000,10.0000000000,50.0000000000
59.0000000000,103.0000000000,0.0009190962,50.0000000000,100.0000000000,0.1000000000,10.0000000000,50.0000000000
59.0000000000,104.0000000000,0.0008866125,50.0000000000,100.0000000000,0.1000000000,10.0000000000,50.0000000000
59.0000000000,105.0000000000,0.0008493500,50.0000000000,100.0000000000,0.1000000000,10.0000000000,50.0000000000
59.0000000000,106.0000000000,0.0007977136,50.0000000000,100.0000000000,0.1000000000,10.0000000000,50.0000000000
59.0000000000,107.0000000000,0.0007464730,50.0000000000,100.0000000000,0.1000000000,10.0000000000,50.0000000000
59.0000000000,108.0000000000,0.0006875365,50.0000000000,100.0000000000,0.1000000000,10.0000000000,50.0000000000
59.0000000000,109.0000000000,0.0006335026,50.0000000000,100.0000000000,0.1000000000,10.0000000000,50.0000000000
59.0000000000,110.0000000000,0.0005778367,50.0000000000,100.0000000000,0.1000000000,10.0000000000,50.0000000000
59.0000000000,111.0000000000,0.0005153910,50.0000000000,100.0000000000,0.1000000000,10.0000000000,50.0000000000
59.0000000000,112.0000000000,0.0004629329,50.0000000000,100.0000000000,0.1000000000,10.0000000000,50.0000000000
59.0000000000,113.0000000000,0.0004092138,50.0000000000,100.0000000000,0.1000000000,10.0000000000,50.0000000000
59.0000000000,114.0000000000,0.0003590625,50.0000000000,100.0000000000,0.1000000000,10.0000000000,50.0000000000
59.0000000000,115.0000000000,0.0003083066,50.0000000000,100.0000000000,0.1000000000,10.0000000000,50.0000000000
59.0000000000,116.0000000000,0.0002684084,50.0000000000,100.0000000000,0.1000000000,10.0000000000,50.0000000000
59.0000000000,117.0000000000,0.0002311352,50.0000000000,100.0000000000,0.1000000000,10.0000000000,50.0000000000
59.0000000000,118.0000000000,0.0001947618,50.0000000000,100.0000000000,0.1000000000,10.0000000000,50.0000000000
59.0000000000,119.0000000000,0.0001655887,50.0000000000,100.0000000000,0.1000000000,10.0000000000,50.0000000000
59.0000000000,120.0000000000,0.0001385896,50.0000000000,100.0000000000,0.1000000000,10.0000000000,50.0000000000
59.0000000000,121.0000000000,0.0001148440,50.0000000000,100.0000000000,0.1000000000,10.0000000000,50.0000000000
59.0000000000,122.0000000000,0.0000938665,50.0000000000,100.0000000000,0.1000000000,10.0000000000,50.0000000000
59.0000000000,123.0000000000,0.0000757713,50.0000000000,100.0000000000,0.1000000000,10.0000000000,50.0000000000
59.0000000000,124.0000000000,0.0000619892,50.0000000000,100.0000000000,0.1000000000,10.0000000000,50.0000000000
59.0000000000,125.0000000000,0.0000499519,50.0000000000,100.0000000000,0.1000000000,10.0000000000,50.0000000000
59.0000000000,126.0000000000,0.0000389773,50.0000000000,100.0000000000,0.1000000000,10.0000000000,50.0000000000
59.0000000000,127.0000000000,0.0000301994,50.0000000000,100.0000000000,0.1000000000,10.0000000000,50.0000000000
59.0000000000,128.0000000000,0.0000235290,50.0000000000,100.0000000000,0.1000000000,10.0000000000,50.0000000000
59.0000000000,129.0000000000,0.0000178311,50.0000000000,100.0000000000,0.1000000000,10.0000000000,50.0000000000
59.0000000000,130.0000000000,0.0000130093,50.0000000000,100.0000000000,0.1000000000,10.0000000000,50.0000000000
59.0000000000,131.0000000000,0.0000099629,50.0000000000,100.0000000000,0.1000000000,10.0000000000,50.0000000000
59.0000000000,132.0000000000,0.0000073473,50.0000000000,100.0000000000,0.1000000000,10.0000000000,50.0000000000
59.0000000000,133.0000000000,0.0000058171,50.0000000000,100.0000000000,0.1000000000,10.0000000000,50.0000000000
59.0000000000,134.0000000000,0.0000038547,50.0000000000,100.0000000000,0.1000000000,10.0000000000,50.0000000000
59.0000000000,135.0000000000,0.0000029876,50.0000000000,100.0000000000,0.1000000000,10.0000000000,50.0000000000
59.0000000000,136.0000000000,0.0000022482,50.0000000000,100.0000000000,0.1000000000,10.0000000000,50.0000000000
59.0000000000,137.0000000000,0.0000017945,50.0000000000,100.0000000000,0.1000000000,10.0000000000,50.0000000000
59.0000000000,138.0000000000,0.0000013032,50.0000000000,100.0000000000,0.1000000000,10.0000000000,50.0000000000
59.0000000000,139.0000000000,0.0000009343,50.0000000000,100.0000000000,0.1000000000,10.0000000000,50.0000000000
59.0000000000,140.0000000000,0.0000006826,50.0000000000,100.0000000000,0.1000000000,10.0000000000,50.0000000000
59.0000000000,141.0000000000,0.0000005005,50.0000000000,100.0000000000,0.1000000000,10.0000000000,50.0000000000
59.0000000000,142.0000000000,0.0000002903,50.0000000000,100.0000000000,0.1000000000,10.0000000000,50.0000000000
59.0000000000,143.0000000000,0.0000002562,50.0000000000,100.0000000000,0.1000000000,10.0000000000,50.0000000000
59.0000000000,144.0000000000,0.0000001729,50.0000000000,100.0000000000,0.1000000000,10.0000000000,50.0000000000
59.0000000000,145.0000000000,0.0000001081,50.0000000000,100.0000000000,0.1000000000,10.0000000000,50.0000000000
59.0000000000,146.0000000000,0.0000000962,50.0000000000,100.0000000000,0.1000000000,10.0000000000,50.0000000000
59.0000000000,147.0000000000,0.0000000411,50.0000000000,100.0000000000,0.1000000000,10.0000000000,50.0000000000
59.0000000000,148.0000000000,0.0000000268,50.0000000000,100.0000000000,0.1000000000,10.0000000000,50.0000000000
59.0000000000,149.0000000000,0.0000000171,50.0000000000,100.0000000000,0.1000000000,10.0000000000,50.0000000000
59.0000000000,150.0000000000,0.0000000373,50.0000000000,100.0000000000,0.1000000000,10.0000000000,50.0000000000
59.0000000000,151.0000000000,0.0000000086,50.0000000000,100.0000000000,0.1000000000,10.0000000000,50.0000000000
59.0000000000,152.0000000000,0.0000000062,50.0000000000,100.0000000000,0.1000000000,10.0000000000,50.0000000000
59.0000000000,153.0000000000,0.0000000090,50.0000000000,100.0000000000,0.1000000000,10.0000000000,50.0000000000
59.0000000000,154.0000000000,0.0000000028,50.0000000000,100.0000000000,0.1000000000,10.0000000000,50.0000000000
60.0000000000,58.0000000000,0.0000000072,50.0000000000,100.0000000000,0.1000000000,10.0000000000,50.0000000000
60.0000000000,59.0000000000,0.0000000091,50.0000000000,100.0000000000,0.1000000000,10.0000000000,50.0000000000
60.0000000000,60.0000000000,0.0000000432,50.0000000000,100.0000000000,0.1000000000,10.0000000000,50.0000000000
60.0000000000,61.0000000000,0.0000000862,50.0000000000,100.0000000000,0.1000000000,10.0000000000,50.0000000000
60.0000000000,62.0000000000,0.0000002173,50.0000000000,100.0000000000,0.1000000000,10.0000000000,50.0000000000
60.0000000000,63.0000000000,0.0000002399,50.0000000000,100.0000000000,0.1000000000,10.0000000000,50.0000000000
60.0000000000,64.0000000000,0.0000003181,50.0000000000,100.0000000000,0.1000000000,10.0000000000,50.0000000000
60.0000000000,65.0000000000,0.0000005823,50.0000000000,100.0000000000,0.1000000000,10.0000000000,50.0000000000
60.0000000000,66.0000000000,0.0000007731,50.0000000000,100.0000000000,0.1000000000,10.0000000000,50.0000000000
60.0000000000,67.0000000000,0.0000012216,50.0000000000,100.0000000000,0.1000000000,10.0000000000,50.0000000000
60.0000000000,68.0000000000,0.0000022874,50.0000000000,100.0000000000,0.1000000000,10.0000000000,50.0000000000
60.0000000000,69.0000000000,0.0000033207,50.0000000000,100.0000000000,0.1000000000,10.0000000000,50.0000000000
60.0000000000,70.0000000000,0.0000049011,50.0000000000,100.0000000000,0.1000000000,10.0000000000,50.0000000000
60.0000000000,71.0000000000,0.0000071950,50.0000000000,100.0000000000,0.1000000000,10.0000000000,50.0000000000
60.0000000000,72.0000000000,0.0000093207,50.0000000000,100.0000000000,0.1000000000,10.0000000000,50.0000000000
60.0000000000,73.0000000000,0.0000135980,50.0000000000,100.0000000000,0.1000000000,10.0000000000,50.0000000000
60.0000000000,74.0000000000,0.0000195220,50.0000000000,100.0000000000,0.1000000000,10.0000000000,50.0000000000
60.0000000000,75.0000000000,0.0000271718,50.0000000000,100.0000000000,0.1000000000,10.0000000000,50.0000000000
60.0000000000,76.0000000000,0.0000361813,50.0000000000,100.0000000000,0.1000000000,10.0000000000,50.0000000000
60.0000000000,77.0000000000,0.0000468666,50.0000000000,100.0000000000,0.1000000000,10.0000000000,50.0000000000
60.0000000000,78.0000000000,0.0000612156,50.0000000000,100.0000000000,0.1000000000,10.0000000000,50.0000000000
60.0000000000,79.0000000000,0.0000777977,50.0000000000,100.0000000000,0.1000000000,10.0000000000,50.0000000000
60.0000000000,80.0000000000,0.0000972128,50.0000000000,100.0000000000,0.1000000000,10.0000000000,50.0000000000
60.0000000000,81.0000000000,0.0001226363,50.0000000000,100.0000000000,0.1000000000,10.0000000000,50.0000000000
60.0000000000,82.0000000000,0.0001510486,50.0000000000,100.0000000000,0.1000000000,10.0000000000,50.0000000000
60.0000000000,83.0000000000,0.0001817033,50.0000000000,100.0000000000,0.1000000000,10.0000000000,50.0000000000
60.0000000000,84.0000000000,0.0002167392,50.0000000000,100.0000000000,0.1000000000,10.0000000000,50.0000000000
60.0000000000,85.0000000000,0.0002563946,50.0000000000,100.0000000000,0.1000000000,10.0000000000,50.0000000000
60.0000000000,86.0000000000,0.0002999321,50.0000000000,100.0000000000,0.1000000000,10.0000000000,50.0000000000
60.0000000000,87.0000000000,0.0003450629,50.0000000000,100.0000000000,0.1000000000,10.0000000000,50.0000000000
60.0000000000,88.0000000000,0.0003938031,50.0000000000,100.0000000000,0.1000000000,10.0000000000,50.0000000000
60.0000000000,89.0000000000,0.0004467189,50.0000000000,100.0000000000,0.1000000000,10.0000000000,50.0000000000
60.0000000000,90.0000000000,0.0004989540,50.0000000000,100.0000000000,0.1000000000,10.0000000000,50.0000000000
60.0000000000,91.0000000000,0.0005505212,50.0000000000,100.0000000000,0.1000000000,10.0000000000,50.0000000000
60.0000000000,92.0000000000,0.0005996191,50.0000000000,100.0000000000,0.1000000000,10.0000000000,50.0000000000
60.0000000000,93.0000000000,0.0006442191,50.0000000000,100.0000000000,0.1000000000,10.0000000000,50.0000000000
60.0000000000,94.0000000000,0.0006862508,50.0000000000,100.0000000000,0.1000000000,10.0000000000,50.0000000000
60.0000000000,95.0000000000,0.0007228212,50.0000000000,100.0000000000,0.1000000000,10.0000000000,50.0000000000
60.0000000000,96.0000000000,0.0007616581,50.0000000000,100.0000000000,0.1000000000,10.0000000000,50.0000000000
60.0000000000,97.0000000000,0.0007864785,50.0000000000,100.0000000000,0.1000000000,10.0000000000,50.0000000000
60.0000000000,98.0000000000,0.0008035521,50.0000000000,100.0000000000,0.1000000000,10.0000000000,50.0000000000
60.0000000000,99.0000000000,0.0008120941,50.0000000000,100.0000000000,0.1000000000,10.0000000000,50.0000000000
60.0000000000,100.0000000000,0.0008113050,50.0000000000,100.0000000000,0.1000000000,10.0000000000,50.0000000000
60.0000000000,101.0000000000,0.0008020705,50.0000000000,100.0000000000,0.1000000000,10.0000000000,50.0000000000
60.0000000000,102.0000000000,0.0007896331,50.0000000000,100.0000000000,0.1000000000,10.0000000000,50.0000000000
60.0000000000,103.0000000000,0.0007692774,50.0000000000,100.0000000000,0.1000000000,10.0000000000,50.0000000000
60.0000000000,104.0000000000,0.0007414794,50.0000000000,100.0000000000,0.1000000000,10.0000000000,50.0000000000
60.0000000000,105.0000000000,0.0007076078,50.0000000000,100.0000000000,0.1000000000,10.0000000000,50.0000000000
60.0000000000,106.0000000000,0.0006671355,50.0000000000,100.0000000000,0.1000000000,10.0000000000,50.0000000000
60.0000000000,107.0000000000,0.0006222831,50.0000000000,100.0000000000,0.1000000000,10.0000000000,50.0000000000
60.0000000000,108.0000000000,0.0005736328,50.0000000000,100.0000000000,0.1000000000,10.0000000000,50.0000000000
60.0000000000,109.0000000000,0.0005277288,50.0000000000,100.0000000000,0.1000000000,10.0000000000,50.0000000000
60.0000000000,110.0000000000,0.0004799600,50.0000000000,100.0000000000,0.1000000000,10.0000000000,50.0000000000
60.0000000000,111.0000000000,0.0004315243,50.0000000000,100.0000000000,0.1000000000,10.0000000000,50.0000000000
60.0000000000,112.0000000000,0.0003879131,50.0000000000,100.0000000000,0.1000000000,10.0000000000,50.0000000000
60.0000000000,113.0000000000,0.0003452904,50.0000000000,100.0000000000,0.1000000000,10.0000000000,50.0000000000
60.0000000000,114.0000000000,0.0002991782,50.0000000000,100.0000000000,0.1000000000,10.0000000000,50.0000000000
60.0000000000,115.0000000000,0.0002581046,50.0000000000,100.0000000000,0.1000000000,10.0000000000,50.0000000000
60.0000000000,116.0000000000,0.0002231420,50.0000000000,100.0000000000,0.1000000000,10.0000000000,50.0000000000
60.0000000000,117.0000000000,0.0001911373,50.0000000000,100.0000000000,0.1000000000,10.0000000000,50.0000000000
60.0000000000,118.0000000000,0.0001621748,50.0000000000,100.0000000000,0.1000000000,10.0000000000,50.0000000000
60.0000000000,119.0000000000,0.0001384824,50.0000000000,100.0000000000,0.1000000000,10.0000000000,50.0000000000
60.0000000000,120.0000000000,0.0001159256,50.0000000000,100.0000000000,0.1000000000,10.0000000000,50.0000000000
60.0000000000,121.0000000000,0.0000960116,50.0000000000,100.0000000000,0.1000000000,10.0000000000,50.0000000000
60.0000000000,122.0000000000,0.0000792673,50.0000000000,100.0000000000,0.1000000000,10.0000000000,50.0000000000
60.0000000000,123.0000000000,0.0000632615,50.0000000000,100.0000000000,0.1000000000,10.0000000000,50.0000000000
60.0000000000,124.0000000000,0.0000516196,50.0000000000,100.0000000000,0.1000000000,10.0000000000,50.0000000000
60.0000000000,125.0000000000,0.0000419903,50.0000000000,100.0000000000,0.1000000000,10.0000000000,50.0000000000
60.0000000000,126.0000000000,0.0000326017,50.0000000000,100.0000000000,0.1000000000,10.0000000000,50.0000000000
60.0000000000,127.0000000000,0.0000254997,50.0000000000,100.0000000000,0.1000000000,10.0000000000,50.0000000000
60.0000000000,128.0000000000,0.0000192263,50.0000000000,100.0000000000,0.1000000000,10.0000000000,50.0000000000
60.0000000000,129.0000000000,0.0000148179,50.0000000000,100.0000000000,0.1000000000,10.0000000000,50.0000000000
60.0000000000,130.0000000000,0.0000107468,50.0000000000,100.0000000000,0.1000000000,10.0000000000,50.0000000000
60.0000000000,131.0000000000,0.0000083329,50.0000000000,100.0000000000,0.1000000000,10.0000000000,50.0000000000
60.0000000000,132.0000000000,0.0000063162,50.0000000000,100.0000000000,0.1000000000,10.0000000000,50.0000000000
60.0000000000,133.0000000000,0.0000047346,50.0000000000,100.0000000000,0.1000000000,10.0000000000,50.0000000000
60.0000000000,134.0000000000,0.0000032160,50.0000000000,100.0000000000,0.1000000000,10.0000000000,50.0000000000
60.0000000000,135.0000000000,0.0000023696,50.0000000000,100.0000000000,0.1000000000,10.0000000000,50.0000000000
60.0000000000,136.0000000000,0.0000018434,50.0000000000,100.0000000000,0.1000000000,10.0000000000,50.0000000000
60.0000000000,137.0000000000,0.0000014767,50.0000000000,100.0000000000,0.1000000000,10.0000000000,50.0000000000
60.0000000000,138.0000000000,0.0000009993,50.0000000000,100.0000000000,0.1000000000,10.0000000000,50.0000000000
60.0000000000,139.0000000000,0.0000007525,50.0000000000,100.0000000000,0.1000000000,10.0000000000,50.0000000000
60.0000000000,140.0000000000,0.0000005383,50.0000000000,100.0000000000,0.1000000000,10.0000000000,50.0000000000
60.0000000000,141.0000000000,0.0000005317,50.0000000000,100.0000000000,0.1000000000,10.0000000000,50.0000000000
60.0000000000,142.0000000000,0.0000002822,50.0000000000,100.0000000000,0.1000000000,10.0000000000,50.0000000000
60.0000000000,143.0000000000,0.0000002236,50.0000000000,100.0000000000,0.1000000000,10.0000000000,50.0000000000
60.0000000000,144.0000000000,0.0000000889,50.0000000000,100.0000000000,0.1000000000,10.0000000000,50.0000000000
60.0000000000,145.0000000000,0.0000000833,50.0000000000,100.0000000000,0.1000000000,10.0000000000,50.0000000000
60.0000000000,146.0000000000,0.0000000858,50.0000000000,100.0000000000,0.1000000000,10.0000000000,50.0000000000
60.0000000000,147.0000000000,0.0000000328,50.0000000000,100.0000000000,0.1000000000,10.0000000000,50.0000000000
60.0000000000,148.0000000000,0.0000000354,50.0000000000,100.0000000000,0.1000000000,10.0000000000,50.0000000000
60.0000000000,149.0000000000,0.0000000186,50.0000000000,100.0000000000,0.1000000000,10.0000000000,50.0000000000
60.0000000000,150.0000000000,0.0000000069,50.0000000000,100.0000000000,0.1000000000,10.0000000000,50.0000000000
60.0000000000,151.0000000000,0.0000000055,50.0000000000,100.0000000000,0.1000000000,10.0000000000,50.0000000000
60.0000000000,152.0000000000,0.0000000007,50.0000000000,100.0000000000,0.1000000000,10.0000000000,50.0000000000
60.0000000000,153.0000000000,0.0000000062,50.0000000000,100.0000000000,0.1000000000,10.0000000000,50.0000000000
60.0000000000,154.0000000000,0.0000000069,50.0000000000,100.0000000000,0.1000000000,10.0000000000,50.0000000000
61.0000000000,59.0000000000,0.0000000298,50.0000000000,100.0000000000,0.1000000000,10.0000000000,50.0000000000
61.0000000000,60.0000000000,0.0000000346,50.0000000000,100.0000000000,0.1000000000,10.0000000000,50.0000000000
61.0000000000,61.0000000000,0.0000000513,50.0000000000,100.0000000000,0.1000000000,10.0000000000,50.0000000000
61.0000000000,62.0000000000,0.0000001208,50.0000000000,100.0000000000,0.1000000000,10.0000000000,50.0000000000
61.0000000000,63.0000000000,0.0000001495,50.0000000000,100.0000000000,0.1000000000,10.0000000000,50.0000000000
61.0000000000,64.0000000000,0.0000001928,50.0000000000,100.0000000000,0.1000000000,10.0000000000,50.0000000000
61.0000000000,65.0000000000,0.0000004705,50.0000000000,100.0000000000,0.1000000000,10.0000000000,50.0000000000
61.0000000000,66.0000000000,0.0000005879,50.0000000000,100.0000000000,0.1000000000,10.0000000000,50.0000000000
61.0000000000,67.0000000000,0.0000009790,50.0000000000,100.0000000000,0.1000000000,10.0000000000,50.0000000000
61.0000000000,68.0000000000,0.0000017035,50.0000000000,100.0000000000,0.1000000000,10.0000000000,50.0000000000
61.0000000000,69.0000000000,0.0000025061,50.0000000000,100.0000000000,0.1000000000,10.0000000000,50.0000000000
61.0000000000,70.0000000000,0.0000037151,50.0000000000,100.0000000000,0.1000000000,10.0000000000,50.0000000000
61.0000000000,71.0000000000,0.0000053503,50.0000000000,100.0000000000,0.1000000000,10.0000000000,50.0000000000
61.0000000000,72.0000000000,0.0000074028,50.0000000000,100.0000000000,0.1000000000,10.0000000000,50.0000000000
61.0000000000,73.0000000000,0.0000109105,50.0000000000,100.0000000000,0.1000000000,10.0000000000,50.0000000000
61.0000000000,74.0000000000,0.0000160133,50.0000000000,100.0000000000,0.1000000000,10.0000000000,50.0000000000
61.0000000000,75.0000000000,0.0000219173,50.0000000000,100.0000000000,0.1000000000,10.0000000000,50.0000000000
61.0000000000,76.0000000000,0.0000293913,50.0000000000,100.0000000000,0.1000000000,10.0000000000,50.0000000000
61.0000000000,77.0000000000,0.0000381389,50.0000000000,100.0000000000,0.1000000000,10.0000000000,50.0000000000
61.0000000000,78.0000000000,0.0000489280,50.0000000000,100.0000000000,0.1000000000,10.0000000000,50.0000000000
61.0000000000,79.0000000000,0.0000636218,50.0000000000,100.0000000000,0.1000000000,10.0000000000,50.0000000000
61.0000000000,80.0000000000,0.0000792485,50.0000000000,100.0000000000,0.1000000000,10.0000000000,50.0000000000
61.0000000000,81.0000000000,0.0001001417,50.0000000000,100.0000000000,0.1000000000,10.0000000000,50.0000000000
61.0000000000,82.0000000000,0.0001246558,50.0000000000,100.0000000000,0.1000000000,10.0000000000,50.0000000000
61.0000000000,83.0000000000,0.0001477379,50.0000000000,100.0000000000,0.1000000000,10.0000000000,50.0000000000
61.0000000000,84.0000000000,0.0001780938,50.0000000000,100.0000000000,0.1000000000,10.0000000000,50.0000000000
61.0000000000,85.0000000000,0.0002096794,50.0000000000,100.0000000000,0.1000000000,10.0000000000,50.0000000000
61.0000000000,86.0000000000,0.0002446432,50.0000000000,100.0000000000,0.1000000000,10.0000000000,50.0000000000
61.0000000000,87.0000000000,0.0002837047,50.0000000000,100.0000000000,0.1000000000,10.0000000000,50.0000000000
61.0000000000,88.0000000000,0.0003235202,50.0000000000,100.0000000000,0.1000000000,10.0000000000,50.0000000000
61.0000000000,89.0000000000,0.0003642222,50.0000000000,100.0000000000,0.1000000000,10.0000000000,50.0000000000
61.0000000000,90.0000000000,0.0004087509,50.0000000000,100.0000000000,0.1000000000,10.0000000000,50.0000000000
61.0000000000,91.0000000000,0.0004527081,50.0000000000,100.0000000000,0.1000000000,10.0000000000,50.0000000000
61.0000000000,92.0000000000,0.0004919965,50.0000000000,100.0000000000,0.1000000000,10.0000000000,50.0000000000
61.0000000000,93.0000000000,0.0005290002,50.0000000000,100.0000000000,0.1000000000,10.0000000000,50.0000000000
61.0000000000,94.0000000000,0.0005620500,50.0000000000,100.0000000000,0.1000000000,10.0000000000,50.0000000000
61.0000000000,95.0000000000,0.0005925069,50.0000000000,100.0000000000,0.1000000000,10.0000000000,50.0000000000
61.0000000000,96.0000000000,0.0006221899,50.0000000000,100.0000000000,0.1000000000,10.0000000000,50.0000000000
61.0000000000,97.0000000000,0.0006436065,50.0000000000,100.0000000000,0.1000000000,10.0000000000,50.0000000000
61.0000000000,98.0000000000,0.0006601397,50.0000000000,100.0000000000,0.1000000000,10.0000000000,50.0000000000
61.0000000000,99.0000000000,0.0006668173,50.0000000000,100.0000000000,0.1000000000,10.0000000000,50.0000000000
61.0000000000,100.0000000000,0.0006668282,50.0000000000,100.0000000000,0.1000000000,10.0000000000,50.0000000000
61.0000000000,101.0000000000,0.0006570297,50.0000000000,100.0000000000,0.1000000000,10.0000000000,50.0000000000
61.0000000000,102.0000000000,0.0006493307,50.0000000000,100.0000000000,0.1000000000,10.0000000000,50.0000000000
61.0000000000,103.0000000000,0.0006287922,50.0000000000,100.0000000000,0.1000000000,10.0000000000,50.0000000000
61.0000000000,104.0000000000,0.0006068685,50.0000000000,100.0000000000,0.1000000000,10.0000000000,50.0000000000
61.0000000000,105.0000000000,0.0005802616,50.0000000000,100.0000000000,0.1000000000,10.0000000000,50.0000000000
61.0000000000,106.0000000000,0.0005465317,50.0000000000,100.0000000000,0.1000000000,10.0000000000,50.0000000000
61.0000000000,107.0000000000,0.0005123920,50.0000000000,100.0000000000,0.1000000000,10.0000000000,50.0000000000
61.0000000000,108.0000000000,0.0004706018,50.0000000000,100.0000000000,0.1000000000,10.0000000000,50.0000000000
61.0000000000,109.0000000000,0.0004335234,50.0000000000,100.0000000000,0.1000000000,10.0000000000,50.0000000000
61.0000000000,110.0000000000,0.0003934999,50.0000000000,100.0000000000,0.1000000000,10.0000000000,50.0000000000
61.0000000000,111.0000000000,0.0003551228,50.0000000000,100.0000000000,0.1000000000,10.0000000000,50.0000000000
61.0000000000,112.0000000000,0.0003153413,50.0000000000,100.0000000000,0.1000000000,10.0000000000,50.0000000000
61.0000000000,113.0000000000,0.0002818713,50.0000000000,100.0000000000,0.1000000000,10.0000000000,50.0000000000
61.0000000000,114.0000000000,0.0002455183,50.0000000000,100.0000000000,0.1000000000,10.0000000000,50.0000000000
61.0000000000,115.0000000000,0.0002127386,50.0000000000,100.0000000000,0.1000000000,10.0000000000,50.0000000000
61.0000000000,116.0000000000,0.0001850123,50.0000000000,100.0000000000,0.1000000000,10.0000000000,50.0000000000
61.0000000000,117.0000000000,0.0001578324,50.0000000000,100.0000000000,0.1000000000,10.0000000000,50.0000000000
61.0000000000,118.0000000000,0.0001334115,50.0000000000,100.0000000000,0.1000000000,10.0000000000,50.0000000000
61.0000000000,119.0000000000,0.0001133727,50.0000000000,100.0000000000,0.1000000000,10.0000000000,50.0000000000
61.0000000000,120.0000000000,0.0000949051,50.0000000000,100.0000000000,0.1000000000,10.0000000000,50.0000000000
61.0000000000,121.0000000000,0.0000785419,50.0000000000,100.0000000000,0.1000000000,10.0000000000,50.0000000000
61.0000000000,122.0000000000,0.0000639144,50.0000000000,100.0000000000,0.1000000000,10.0000000000,50.0000000000
61.0000000000,123.0000000000,0.0000516948,50.0000000000,100.0000000000,0.1000000000,10.0000000000,50.0000000000
61.0000000000,124.0000000000,0.0000423749,50.0000000000,100.0000000000,0.1000000000,10.0000000000,50.0000000000
61.0000000000,125.0000000000,0.0000338466,50.0000000000,100.0000000000,0.1000000000,10.0000000000,50.0000000000
61.0000000000,126.0000000000,0.0000266392,50.0000000000,100.0000000000,0.1000000000,10.0000000000,50.0000000000
61.0000000000,127.0000000000,0.0000207509,50.0000000000,100.0000000000,0.1000000000,10.0000000000,50.0000000000
61.0000000000,128.0000000000,0.0000156879,50.0000000000,100.0000000000,0.1000000000,10.0000000000,50.0000000000
61.0000000000,129.0000000000,0.0000117741,50.0000000000,100.0000000000,0.1000000000,10.0000000000,50.0000000000
61.0000000000,130.0000000000,0.0000087169,50.0000000000,100.0000000000,0.1000000000,10.0000000000,50.0000000000
61.0000000000,131.0000000000,0.0000067652,50.0000000000,100.0000000000,0.1000000000,10.0000000000,50.0000000000
61.0000000000,132.0000000000,0.0000051210,50.0000000000,100.0000000000,0.1000000000,10.0000000000,50.0000000000
61.0000000000,133.0000000000,0.0000038969,50.0000000000,100.0000000000,0.1000000000,10.0000000000,50.0000000000
61.0000000000,134.0000000000,0.0000025449,50.0000000000,100.0000000000,0.1000000000,10.0000000000,50.0000000000
61.0000000000,135.0000000000,0.0000018521,50.0000000000,100.0000000000,0.1000000000,10.0000000000,50.0000000000
61.0000000000,136.0000000000,0.0000015345,50.0000000000,100.0000000000,0.1000000000,10.0000000000,50.0000000000
61.0000000000,137.0000000000,0.0000012097,50.0000000000,100.0000000000,0.1000000000,10.0000000000,50.0000000000
61.0000000000,138.0000000000,0.0000008664,50.0000000000,100.0000000000,0.1000000000,10.0000000000,50.0000000000
61.0000000000,139.0000000000,0.0000006118,50.0000000000,100.0000000000,0.1000000000,10.0000000000,50.0000000000
61.0000000000,140.0000000000,0.0000005227,50.0000000000,100.0000000000,0.1000000000,10.0000000000,50.0000000000
61.0000000000,141.0000000000,0.0000003295,50.0000000000,100.0000000000,0.1000000000,10.0000000000,50.0000000000
61.0000000000,142.0000000000,0.0000002257,50.0000000000,100.0000000000,0.1000000000,10.0000000000,50.0000000000
61.0000000000,143.0000000000,0.0000001492,50.0000000000,100.0000000000,0.1000000000,10.0000000000,50.0000000000
61.0000000000,144.0000000000,0.0000000990,50.0000000000,100.0000000000,0.1000000000,10.0000000000,50.0000000000
61.0000000000,145.0000000000,0.0000000724,50.0000000000,100.0000000000,0.1000000000,10.0000000000,50.0000000000
61.0000000000,146.0000000000,0.0000000614,50.0000000000,100.0000000000,0.1000000000,10.0000000000,50.0000000000
61.0000000000,147.0000000000,0.0000000139,50.0000000000,100.0000000000,0.1000000000,10.0000000000,50.0000000000
61.0000000000,148.0000000000,0.0000000425,50.0000000000,100.0000000000,0.1000000000,10.0000000000,50.0000000000
61.0000000000,149.0000000000,0.0000000082,50.0000000000,100.0000000000,0.1000000000,10.0000000000,50.0000000000
61.0000000000,150.0000000000,0.0000000007,50.0000000000,100.0000000000,0.1000000000,10.0000000000,50.0000000000
61.0000000000,151.0000000000,0.0000000012,50.0000000000,100.0000000000,0.1000000000,10.0000000000,50.0000000000
61.0000000000,154.0000000000,0.0000000017,50.0000000000,100.0000000000,0.1000000000,10.0000000000,50.0000000000
62.0000000000,59.0000000000,0.0000000199,50.0000000000,100.0000000000,0.1000000000,10.0000000000,50.0000000000
62.0000000000,60.0000000000,0.0000000429,50.0000000000,100.0000000000,0.1000000000,10.0000000000,50.0000000000
62.0000000000,61.0000000000,0.0000000513,50.0000000000,100.0000000000,0.1000000000,10.0000000000,50.0000000000
62.0000000000,62.0000000000,0.0000001102,50.0000000000,100.0000000000,0.1000000000,10.0000000000,50.0000000000
62.0000000000,63.0000000000,0.0000001379,50.0000000000,100.0000000000,0.1000000000,10.0000000000,50.0000000000
62.0000000000,64.0000000000,0.0000001823,50.0000000000,100.0000000000,0.1000000000,10.0000000000,50.0000000000
62.0000000000,65.0000000000,0.0000003776,50.0000000000,100.0000000000,0.1000000000,10.0000000000,50.0000000000
62.0000000000,66.0000000000,0.0000004516,50.0000000000,100.0000000000,0.1000000000,10.0000000000,50.0000000000
62.0000000000,67.0000000000,0.0000007883,50.0000000000,100.0000000000,0.1000000000,10.0000000000,50.0000000000
62.0000000000,68.0000000000,0.0000011952,50.0000000000,100.0000000000,0.1000000000,10.0000000000,50.0000000000
62.0000000000,69.0000000000,0.0000021157,50.0000000000,100.0000000000,0.1000000000,10.0000000000,50.0000000000
62.0000000000,70.0000000000,0.0000027226,50.0000000000,100.0000000000,0.1000000000,10.0000000000,50.0000000000
62.0000000000,71.0000000000,0.0000042855,50.0000000000,100.0000000000,0.1000000000,10.0000000000,50.0000000000
62.0000000000,72.0000000000,0.0000057732,50.0000000000,100.0000000000,0.1000000000,10.0000000000,50.0000000000
62.0000000000,73.0000000000,0.0000089281,50.0000000000,100.0000000000,0.1000000000,10.0000000000,50.0000000000
62.0000000000,74.0000000000,0.0000125716,50.0000000000,100.0000000000,0.1000000000,10.0000000000,50.0000000000
62.0000000000,75.0000000000,0.0000174214,50.0000000000,100.0000000000,0.1000000000,10.0000000000,50.0000000000
62.0000000000,76.0000000000,0.0000231640,50.0000000000,100.0000000000,0.1000000000,10.0000000000,50.0000000000
62.0000000000,77.0000000000,0.0000306156,50.0000000000,100.0000000000,0.1000000000,10.0000000000,50.0000000000
62.0000000000,78.0000000000,0.0000396513,50.0000000000,100.0000000000,0.1000000000,10.0000000000,50.0000000000
62.0000000000,79.0000000000,0.0000504313,50.0000000000,100.0000000000,0.1000000000,10.0000000000,50.0000000000
62.0000000000,80.0000000000,0.0000642354,50.0000000000,100.0000000000,0.1000000000,10.0000000000,50.0000000000
62.0000000000,81.0000000000,0.0000801378,50.0000000000,100.0000000000,0.1000000000,10.0000000000,50.0000000000
62.0000000000,82.0000000000,0.0000997406,50.0000000000,100.0000000000,0.1000000000,10.0000000000,50.0000000000
62.0000000000,83.0000000000,0.0001190912,50.0000000000,100.0000000000,0.1000000000,10.0000000000,50.0000000000
62.0000000000,84.0000000000,0.0001423486,50.0000000000,100.0000000000,0.1000000000,10.0000000000,50.0000000000
62.0000000000,85.0000000000,0.0001688360,50.0000000000,100.0000000000,0.1000000000,10.0000000000,50.0000000000
62.0000000000,86.0000000000,0.0001967593,50.0000000000,100.0000000000,0.1000000000,10.0000000000,50.0000000000
62.0000000000,87.0000000000,0.0002287013,50.0000000000,100.0000000000,0.1000000000,10.0000000000,50.0000000000
62.0000000000,88.0000000000,0.0002606260,50.0000000000,100.0000000000,0.1000000000,10.0000000000,50.0000000000
62.0000000000,89.0000000000,0.0002920613,50.0000000000,100.0000000000,0.1000000000,10.0000000000,50.0000000000
62.0000000000,90.0000000000,0.0003289259,50.0000000000,100.0000000000,0.1000000000,10.0000000000,50.0000000000
62.0000000000,91.0000000000,0.0003638556,50.0000000000,100.0000000000,0.1000000000,10.0000000000,50.0000000000
62.0000000000,92.0000000000,0.0003954311,50.0000000000,100.0000000000,0.1000000000,10.0000000000,50.0000000000
62.0000000000,93.0000000000,0.0004265275,50.0000000000,100.0000000000,0.1000000000,10.0000000000,50.0000000000
62.0000000000,94.0000000000,0.0004541637,50.0000000000,100.0000000000,0.1000000000,10.0000000000,50.0000000000
62.0000000000,95.0000000000,0.0004785906,50.0000000000,100.0000000000,0.1000000000,10.0000000000,50.0000000000
62.0000000000,96.0000000000,0.0005013362,50.0000000000,100.0000000000,0.1000000000,10.0000000000,50.0000000000
62.0000000000,97.0000000000,0.0005196357,50.0000000000,100.0000000000,0.1000000000,10.0000000000,50.0000000000
62.0000000000,98.0000000000,0.0005352980,50.0000000000,100.0000000000,0.1000000000,10.0000000000,50.0000000000
62.0000000000,99.0000000000,0.0005387810,50.0000000000,100.0000000000,0.1000000000,10.0000000000,50.0000000000
62.0000000000,100.0000000000,0.0005379973,50.0000000000,100.0000000000,0.1000000000,10.0000000000,50.0000000000
62.0000000000,101.0000000000,0.0005326250,50.0000000000,100.0000000000,0.1000000000,10.0000000000,50.0000000000
62.0000000000,102.0000000000,0.0005259572,50.0000000000,100.0000000000,0.1000000000,10.0000000000,50.0000000000
62.0000000000,103.0000000000,0.0005096072,50.0000000000,100.0000000000,0.1000000000,10.0000000000,50.0000000000
62.0000000000,104.0000000000,0.0004928159,50.0000000000,100.0000000000,0.1000000000,10.0000000000,50.0000000000
62.0000000000,105.0000000000,0.0004673064,50.0000000000,100.0000000000,0.1000000000,10.0000000000,50.0000000000
62.0000000000,106.0000000000,0.0004442375,50.0000000000,100.0000000000,0.1000000000,10.0000000000,50.0000000000
62.0000000000,107.0000000000,0.0004127292,50.0000000000,100.0000000000,0.1000000000,10.0000000000,50.0000000000
62.0000000000,108.0000000000,0.0003800001,50.0000000000,100.0000000000,0.1000000000,10.0000000000,50.0000000000
62.0000000000,109.0000000000,0.0003471340,50.0000000000,100.0000000000,0.1000000000,10.0000000000,50.0000000000
62.0000000000,110.0000000000,0.0003193053,50.0000000000,100.0000000000,0.1000000000,10.0000000000,50.0000000000
62.0000000000,111.0000000000,0.0002844004,50.0000000000,100.0000000000,0.1000000000,10.0000000000,50.0000000000
62.0000000000,112.0000000000,0.0002567835,50.0000000000,100.0000000000,0.1000000000,10.0000000000,50.0000000000
62.0000000000,113.0000000000,0.0002266287,50.0000000000,100.0000000000,0.1000000000,10.0000000000,50.0000000000
62.0000000000,114.0000000000,0.0001969013,50.0000000000,100.0000000000,0.1000000000,10.0000000000,50.0000000000
62.0000000000,115.0000000000,0.0001725207,50.0000000000,100.0000000000,0.1000000000,10.0000000000,50.0000000000
62.0000000000,116.0000000000,0.0001493224,50.0000000000,100.0000000000,0.1000000000,10.0000000000,50.0000000000
62.0000000000,117.0000000000,0.0001271268,50.0000000000,100.0000000000,0.1000000000,10.0000000000,50.0000000000
62.0000000000,118.0000000000,0.0001074494,50.0000000000,100.0000000000,0.1000000000,10.0000000000,50.0000000000
62.0000000000,119.0000000000,0.0000920094,50.0000000000,100.0000000000,0.1000000000,10.0000000000,50.0000000000
62.0000000000,120.0000000000,0.0000774332,50.0000000000,100.0000000000,0.1000000000,10.0000000000,50.0000000000
62.0000000000,121.0000000000,0.0000634971,50.0000000000,100.0000000000,0.1000000000,10.0000000000,50.0000000000
62.0000000000,122.0000000000,0.0000516299,50.0000000000,100.0000000000,0.1000000000,10.0000000000,50.0000000000
62.0000000000,123.0000000000,0.0000410355,50.0000000000,100.0000000000,0.1000000000,10.0000000000,50.0000000000
62.0000000000,124.0000000000,0.0000342532,50.0000000000,100.0000000000,0.1000000000,10.0000000000,50.0000000000
62.0000000000,125.0000000000,0.0000274449,50.0000000000,100.0000000000,0.1000000000,10.0000000000,50.0000000000
62.0000000000,126.0000000000,0.0000214553,50.0000000000,100.0000000000,0.1000000000,10.0000000000,50.0000000000
62.0000000000,127.0000000000,0.0000166946,50.0000000000,100.0000000000,0.1000000000,10.0000000000,50.0000000000
62.0000000000,128.0000000000,0.0000128332,50.0000000000,100.0000000000,0.1000000000,10.0000000000,50.0000000000
62.0000000000,129.0000000000,0.0000096770,50.0000000000,100.0000000000,0.1000000000,10.0000000000,50.0000000000
62.0000000000,130.0000000000,0.0000071377,50.0000000000,100.0000000000,0.1000000000,10.0000000000,50.0000000000
62.0000000000,131.0000000000,0.0000054580,50.0000000000,100.0000000000,0.1000000000,10.0000000000,50.0000000000
62.0000000000,132.0000000000,0.0000038990,50.0000000000,100.0000000000,0.1000000000,10.0000000000,50.0000000000
62.0000000000,133.0000000000,0.0000029767,50.0000000000,100.0000000000,0.1000000000,10.0000000000,50.0000000000
62.0000000000,134.0000000000,0.0000020593,50.0000000000,100.0000000000,0.1000000000,10.0000000000,50.0000000000
62.0000000000,135.0000000000,0.0000015323,50.0000000000,100.0000000000,0.1000000000,10.0000000000,50.0000000000
62.0000000000,136.0000000000,0.0000013207,50.0000000000,100.0000000000,0.1000000000,10.0000000000,50.0000000000
62.0000000000,137.0000000000,0.0000010440,50.0000000000,100.0000000000,0.1000000000,10.0000000000,50.0000000000
62.0000000000,138.0000000000,0.0000007216,50.0000000000,100.0000000000,0.1000000000,10.0000000000,50.0000000000
62.0000000000,139.0000000000,0.0000005210,50.0000000000,100.0000000000,0.1000000000,10.0000000000,50.0000000000
62.0000000000,140.0000000000,0.0000003641,50.0000000000,100.0000000000,0.1000000000,10.0000000000,50.0000000000
62.0000000000,141.0000000000,0.0000002638,50.0000000000,100.0000000000,0.1000000000,10.0000000000,50.0000000000
62.0000000000,142.0000000000,0.0000002320,50.0000000000,100.0000000000,0.1000000000,10.0000000000,50.0000000000
62.0000000000,143.0000000000,0.0000001352,50.0000000000,100.0000000000,0.1000000000,10.0000000000,50.0000000000
62.0000000000,144.0000000000,0.0000000893,50.0000000000,100.0000000000,0.1000000000,10.0000000000,50.0000000000
62.0000000000,145.0000000000,0.0000000649,50.0000000000,100.0000000000,0.1000000000,10.0000000000,50.0000000000
62.0000000000,146.0000000000,0.0000000323,50.0000000000,100.0000000000,0.1000000000,10.0000000000,50.0000000000
62.0000000000,147.0000000000,0.0000000250,50.0000000000,100.0000000000,0.1000000000,10.0000000000,50.0000000000
62.0000000000,148.0000000000,0.0000000215,50.0000000000,100.0000000000,0.1000000000,10.0000000000,50.0000000000
62.0000000000,149.0000000000,0.0000000090,50.0000000000,100.0000000000,0.1000000000,10.0000000000,50.0000000000
62.0000000000,150.0000000000,0.0000000022,50.0000000000,100.0000000000,0.1000000000,10.0000000000,50.0000000000
62.0000000000,151.0000000000,0.0000000007,50.0000000000,100.0000000000,0.1000000000,10.0000000000,50.0000000000
63.0000000000,59.0000000000,0.0000000208,50.0000000000,100.0000000000,0.1000000000,10.0000000000,50.0000000000
63.0000000000,60.0000000000,0.0000000190,50.0000000000,100.0000000000,0.1000000000,10.0000000000,50.0000000000
63.0000000000,61.0000000000,0.0000000564,50.0000000000,100.0000000000,0.1000000000,10.0000000000,50.0000000000
63.0000000000,62.0000000000,0.0000000711,50.0000000000,100.0000000000,0.1000000000,10.0000000000,50.0000000000
63.0000000000,63.0000000000,0.0000001109,50.0000000000,100.0000000000,0.1000000000,10.0000000000,50.0000000000
63.0000000000,64.0000000000,0.0000001550,50.0000000000,100.0000000000,0.1000000000,10.0000000000,50.0000000000
63.0000000000,65.0000000000,0.0000002223,50.0000000000,100.0000000000,0.1000000000,10.0000000000,50.0000000000
63.0000000000,66.0000000000,0.0000002877,50.0000000000,100.0000000000,0.1000000000,10.0000000000,50.0000000000
63.0000000000,67.0000000000,0.0000005565,50.0000000000,100.0000000000,0.1000000000,10.0000000000,50.0000000000
63.0000000000,68.0000000000,0.0000009639,50.0000000000,100.0000000000,0.1000000000,10.0000000000,50.0000000000
63.0000000000,69.0000000000,0.0000015841,50.0000000000,100.0000000000,0.1000000000,10.0000000000,50.0000000000
63.0000000000,70.0000000000,0.0000022937,50.0000000000,100.0000000000,0.1000000000,10.0000000000,50.0000000000
63.0000000000,71.0000000000,0.0000032743,50.0000000000,100.0000000000,0.1000000000,10.0000000000,50.0000000000
63.0000000000,72.0000000000,0.0000049598,50.0000000000,100.0000000000,0.1000000000,10.0000000000,50.0000000000
63.0000000000,73.0000000000,0.0000069921,50.0000000000,100.0000000000,0.1000000000,10.0000000000,50.0000000000
63.0000000000,74.0000000000,0.0000096386,50.0000000000,100.0000000000,0.1000000000,10.0000000000,50.0000000000
63.0000000000,75.0000000000,0.0000137806,50.0000000000,100.0000000000,0.1000000000,10.0000000000,50.0000000000
63.0000000000,76.0000000000,0.0000179126,50.0000000000,100.0000000000,0.1000000000,10.0000000000,50.0000000000
63.0000000000,77.0000000000,0.0000244876,50.0000000000,100.0000000000,0.1000000000,10.0000000000,50.0000000000
63.0000000000,78.0000000000,0.0000315633,50.0000000000,100.0000000000,0.1000000000,10.0000000000,50.0000000000
63.0000000000,79.0000000000,0.0000400458,50.0000000000,100.0000000000,0.1000000000,10.0000000000,50.0000000000
63.0000000000,80.0000000000,0.0000501402,50.0000000000,100.0000000000,0.1000000000,10.0000000000,50.0000000000
63.0000000000,81.0000000000,0.0000629163,50.0000000000,100.0000000000,0.1000000000,10.0000000000,50.0000000000
63.0000000000,82.0000000000,0.0000781342,50.0000000000,100.0000000000,0.1000000000,10.0000000000,50.0000000000
63.0000000000,83.0000000000,0.0000939078,50.0000000000,100.0000000000,0.1000000000,10.0000000000,50.0000000000
63.0000000000,84.0000000000,0.0001129100,50.0000000000,100.0000000000,0.1000000000,10.0000000000,50.0000000000
63.0000000000,85.0000000000,0.0001331611,50.0000000000,100.0000000000,0.1000000000,10.0000000000,50.0000000000
63.0000000000,86.0000000000,0.0001565615,50.0000000000,100.0000000000,0.1000000000,10.0000000000,50.0000000000
63.0000000000,87.0000000000,0.0001801732,50.0000000000,100.0000000000,0.1000000000,10.0000000000,50.0000000000
63.0000000000,88.0000000000,0.0002050670,50.0000000000,100.0000000000,0.1000000000,10.0000000000,50.0000000000
63.0000000000,89.0000000000,0.0002304851,50.0000000000,100.0000000000,0.1000000000,10.0000000000,50.0000000000
63.0000000000,90.0000000000,0.0002608137,50.0000000000,100.0000000000,0.1000000000,10.0000000000,50.0000000000
63.0000000000,91.0000000000,0.0002877194,50.0000000000,100.0000000000,0.1000000000,10.0000000000,50.0000000000
63.0000000000,92.0000000000,0.0003147984,50.0000000000,100.0000000000,0.1000000000,10.0000000000,50.0000000000
63.0000000000,93.0000000000,0.0003399769,50.0000000000,100.0000000000,0.1000000000,10.0000000000,50.0000000000
63.0000000000,94.0000000000,0.0003598008,50.0000000000,100.0000000000,0.1000000000,10.0000000000,50.0000000000
63.0000000000,95.0000000000,0.0003809249,50.0000000000,100.0000000000,0.1000000000,10.0000000000,50.0000000000
63.0000000000,96.0000000000,0.0004002197,50.0000000000,100.0000000000,0.1000000000,10.0000000000,50.0000000000
63.0000000000,97.0000000000,0.0004126068,50.0000000000,100.0000000000,0.1000000000,10.0000000000,50.0000000000
63.0000000000,98.0000000000,0.0004239499,50.0000000000,100.0000000000,0.1000000000,10.0000000000,50.0000000000
63.0000000000,99.0000000000,0.0004252508,50.0000000000,100.0000000000,0.1000000000,10.0000000000,50.0000000000
63.0000000000,100.0000000000,0.0004266208,50.0000000000,100.0000000000,0.1000000000,10.0000000000,50.0000000000
63.0000000000,101.0000000000,0.0004227541,50.0000000000,100.0000000000,0.1000000000,10.0000000000,50.0000000000
63.0000000000,102.0000000000,0.0004179837,50.0000000000,100.0000000000,0.1000000000,10.0000000000,50.0000000000
63.0000000000,103.0000000000,0.0004058880,50.0000000000,100.0000000000,0.1000000000,10.0000000000,50.0000000000
63.0000000000,104.0000000000,0.0003910598,50.0000000000,100.0000000000,0.1000000000,10.0000000000,50.0000000000
63.0000000000,105.0000000000,0.0003712184,50.0000000000,100.0000000000,0.1000000000,10.0000000000,50.0000000000
63.0000000000,106.0000000000,0.0003543772,50.0000000000,100.0000000000,0.1000000000,10.0000000000,50.0000000000
63.0000000000,107.0000000000,0.0003281692,50.0000000000,100.0000000000,0.1000000000,10.0000000000,50.0000000000
63.0000000000,108.0000000000,0.0003019632,50.0000000000,100.0000000000,0.1000000000,10.0000000000,50.0000000000
63.0000000000,109.0000000000,0.0002761389,50.0000000000,100.0000000000,0.1000000000,10.0000000000,50.0000000000
63.0000000000,110.0000000000,0.0002529986,50.0000000000,100.0000000000,0.1000000000,10.0000000000,50.0000000000
63.0000000000,111.0000000000,0.0002250338,50.0000000000,100.0000000000,0.1000000000,10.0000000000,50.0000000000
63.0000000000,112.0000000000,0.0002025079,50.0000000000,100.0000000000,0.1000000000,10.0000000000,50.0000000000
63.0000000000,113.0000000000,0.0001792243,50.0000000000,100.0000000000,0.1000000000,10.0000000000,50.0000000000
63.0000000000,114.0000000000,0.0001560918,50.0000000000,100.0000000000,0.1000000000,10.0000000000,50.0000000000
63.0000000000,115.0000000000,0.0001378260,50.0000000000,100.0000000000,0.1000000000,10.0000000000,50.0000000000
63.0000000000,116.0000000000,0.0001183970,50.0000000000,100.0000000000,0.1000000000,10.0000000000,50.0000000000
63.0000000000,117.0000000000,0.0001010626,50.0000000000,100.0000000000,0.1000000000,10.0000000000,50.0000000000
63.0000000000,118.0000000000,0.0000860476,50.0000000000,100.0000000000,0.1000000000,10.0000000000,50.0000000000
63.0000000000,119.0000000000,0.0000722183,50.0000000000,100.0000000000,0.1000000000,10.0000000000,50.0000000000
63.0000000000,120.0000000000,0.0000613270,50.0000000000,100.0000000000,0.1000000000,10.0000000000,50.0000000000
63.0000000000,121.0000000000,0.0000505425,50.0000000000,100.0000000000,0.1000000000,10.0000000000,50.0000000000
63.0000000000,122.0000000000,0.0000403426,50.0000000000,100.0000000000,0.1000000000,10.0000000000,50.0000000000
63.0000000000,123.0000000000,0.0000321275,50.0000000000,100.0000000000,0.1000000000,10.0000000000,50.0000000000
63.0000000000,124.0000000000,0.0000271031,50.0000000000,100.0000000000,0.1000000000,10.0000000000,50.0000000000
63.0000000000,125.0000000000,0.0000224904,50.0000000000,100.0000000000,0.1000000000,10.0000000000,50.0000000000
63.0000000000,126.0000000000,0.0000169316,50.0000000000,100.0000000000,0.1000000000,10.0000000000,50.0000000000
63.0000000000,127.0000000000,0.0000134468,50.0000000000,100.0000000000,0.1000000000,10.0000000000,50.0000000000
63.0000000000,128.0000000000,0.0000103190,50.0000000000,100.0000000000,0.1000000000,10.0000000000,50.0000000000
63.0000000000,129.0000000000,0.0000075823,50.0000000000,100.0000000000,0.1000000000,10.0000000000,50.0000000000
63.0000000000,130.0000000000,0.0000058493,50.0000000000,100.0000000000,0.1000000000,10.0000000000,50.0000000000
63.0000000000,131.0000000000,0.0000042551,50.0000000000,100.0000000000,0.1000000000,10.0000000000,50.0000000000
63.0000000000,132.0000000000,0.0000030861,50.0000000000,100.0000000000,0.1000000000,10.0000000000,50.0000000000
63.0000000000,133.0000000000,0.0000023318,50.0000000000,100.0000000000,0.1000000000,10.0000000000,50.0000000000
63.0000000000,134.0000000000,0.0000017113,50.0000000000,100.0000000000,0.1000000000,10.0000000000,50.0000000000
63.0000000000,135.0000000000,0.0000011972,50.0000000000,100.0000000000,0.1000000000,10.0000000000,50.0000000000
63.0000000000,136.0000000000,0.0000010102,50.0000000000,100.0000000000,0.1000000000,10.0000000000,50.0000000000
63.0000000000,137.0000000000,0.0000007295,50.0000000000,100.0000000000,0.1000000000,10.0000000000,50.0000000000
63.0000000000,138.0000000000,0.0000004442,50.0000000000,100.0000000000,0.1000000000,10.0000000000,50.0000000000
63.0000000000,139.0000000000,0.0000003745,50.0000000000,100.0000000000,0.1000000000,10.0000000000,50.0000000000
63.0000000000,140.0000000000,0.0000002711,50.0000000000,100.0000000000,0.1000000000,10.0000000000,50.0000000000
63.0000000000,141.0000000000,0.0000002306,50.0000000000,100.0000000000,0.1000000000,10.0000000000,50.0000000000
63.0000000000,142.0000000000,0.0000001470,50.0000000000,100.0000000000,0.1000000000,10.0000000000,50.0000000000
63.0000000000,143.0000000000,0.0000000844,50.0000000000,100.0000000000,0.1000000000,10.0000000000,50.0000000000
63.0000000000,144.0000000000,0.0000000693,50.0000000000,100.0000000000,0.1000000000,10.0000000000,50.0000000000
63.0000000000,145.0000000000,0.0000000710,50.0000000000,100.0000000000,0.1000000000,10.0000000000,50.0000000000
63.0000000000,146.0000000000,0.0000000297,50.0000000000,100.0000000000,0.1000000000,10.0000000000,50.0000000000
63.0000000000,147.0000000000,0.0000000227,50.0000000000,100.0000000000,0.1000000000,10.0000000000,50.0000000000
63.0000000000,148.0000000000,0.0000000158,50.0000000000,100.0000000000,0.1000000000,10.0000000000,50.0000000000
63.0000000000,149.0000000000,0.0000000156,50.0000000000,100.0000000000,0.1000000000,10.0000000000,50.0000000000
63.0000000000,150.0000000000,0.0000000001,50.0000000000,100.0000000000,0.1000000000,10.0000000000,50.0000000000
63.0000000000,151.0000000000,0.0000000008,50.0000000000,100.0000000000,0.1000000000,10.0000000000,50.0000000000
64.0000000000,59.0000000000,0.0000000097,50.0000000000,100.0000000000,0.1000000000,10.0000000000,50.0000000000
64.0000000000,60.0000000000,0.0000000154,50.0000000000,100.0000000000,0.1000000000,10.0000000000,50.0000000000
64.0000000000,61.0000000000,0.0000000202,50.0000000000,100.0000000000,0.1000000000,10.0000000000,50.0000000000
64.0000000000,62.0000000000,0.0000000362,50.0000000000,100.0000000000,0.1000000000,10.0000000000,50.0000000000
64.0000000000,63.0000000000,0.0000000535,50.0000000000,100.0000000000,0.1000000000,10.0000000000,50.0000000000
64.0000000000,64.0000000000,0.0000001430,50.0000000000,100.0000000000,0.1000000000,10.0000000000,50.0000000000
64.0000000000,65.0000000000,0.0000001747,50.0000000000,100.0000000000,0.1000000000,10.0000000000,50.0000000000
64.0000000000,66.0000000000,0.0000002675,50.0000000000,100.0000000000,0.1000000000,10.0000000000,50.0000000000
64.0000000000,67.0000000000,0.0000005499,50.0000000000,100.0000000000,0.1000000000,10.0000000000,50.0000000000
64.0000000000,68.0000000000,0.0000007046,50.0000000000,100.0000000000,0.1000000000,10.0000000000,50.0000000000
64.0000000000,69.0000000000,0.0000011443,50.0000000000,100.0000000000,0.1000000000,10.0000000000,50.0000000000
64.0000000000,70.0000000000,0.0000017652,50.0000000000,100.0000000000,0.1000000000,10.0000000000,50.0000000000
64.0000000000,71.0000000000,0.0000024636,50.0000000000,100.0000000000,0.1000000000,10.0000000000,50.0000000000
64.0000000000,72.0000000000,0.0000041131,50.0000000000,100.0000000000,0.1000000000,10.0000000000,50.0000000000
64.0000000000,73.0000000000,0.0000053914,50.0000000000,100.0000000000,0.1000000000,10.0000000000,50.0000000000
64.0000000000,74.0000000000,0.0000075110,50.0000000000,100.0000000000,0.1000000000,10.0000000000,50.0000000000
64.0000000000,75.0000000000,0.0000104600,50.0000000000,100.0000000000,0.1000000000,10.0000000000,50.0000000000
64.0000000000,76.0000000000,0.0000141345,50.0000000000,100.0000000000,0.1000000000,10.0000000000,50.0000000000
64.0000000000,77.0000000000,0.0000189837,50.0000000000,100.0000000000,0.1000000000,10.0000000000,50.0000000000
64.0000000000,78.0000000000,0.0000245564,50.0000000000,100.0000000000,0.1000000000,10.0000000000,50.0000000000
64.0000000000,79.0000000000,0.0000312614,50.0000000000,100.0000000000,0.1000000000,10.0000000000,50.0000000000
64.0000000000,80.0000000000,0.0000389033,50.0000000000,100.0000000000,0.1000000000,10.0000000000,50.0000000000
64.0000000000,81.0000000000,0.0000485667,50.0000000000,100.0000000000,0.1000000000,10.0000000000,50.0000000000
64.0000000000,82.0000000000,0.0000601028,50.0000000000,100.0000000000,0.1000000000,10.0000000000,50.0000000000
64.0000000000,83.0000000000,0.0000732616,50.0000000000,100.0000000000,0.1000000000,10.0000000000,50.0000000000
64.0000000000,84.0000000000,0.0000877211,50.0000000000,100.0000000000,0.1000000000,10.0000000000,50.0000000000
64.0000000000,85.0000000000,0.0001048597,50.0000000000,100.0000000000,0.1000000000,10.0000000000,50.0000000000
64.0000000000,86.0000000000,0.0001210276,50.0000000000,100.0000000000,0.1000000000,10.0000000000,50.0000000000
64.0000000000,87.0000000000,0.0001412811,50.0000000000,100.0000000000,0.1000000000,10.0000000000,50.0000000000
64.0000000000,88.0000000000,0.0001593491,50.0000000000,100.0000000000,0.1000000000,10.0000000000,50.0000000000
64.0000000000,89.0000000000,0.0001793008,50.0000000000,100.0000000000,0.1000000000,10.0000000000,50.0000000000
64.0000000000,90.0000000000,0.0002031408,50.0000000000,100.0000000000,0.1000000000,10.0000000000,50.0000000000
64.0000000000,91.0000000000,0.0002236414,50.0000000000,100.0000000000,0.1000000000,10.0000000000,50.0000000000
64.0000000000,92.0000000000,0.0002447212,50.0000000000,100.0000000000,0.1000000000,10.0000000000,50.0000000000
64.0000000000,93.0000000000,0.0002663358,50.0000000000,100.0000000000,0.1000000000,10.0000000000,50.0000000000
64.0000000000,94.0000000000,0.0002832958,50.0000000000,100.0000000000,0.1000000000,10.0000000000,50.0000000000
64.0000000000,95.0000000000,0.0002976887,50.0000000000,100.0000000000,0.1000000000,10.0000000000,50.0000000000
64.0000000000,96.0000000000,0.0003135621,50.0000000000,100.0000000000,0.1000000000,10.0000000000,50.0000000000
64.0000000000,97.0000000000,0.0003216660,50.0000000000,100.0000000000,0.1000000000,10.0000000000,50.0000000000
64.0000000000,98.0000000000,0.0003298155,50.0000000000,100.0000000000,0.1000000000,10.0000000000,50.0000000000
64.0000000000,99.0000000000,0.0003337845,50.0000000000,100.0000000000,0.1000000000,10.0000000000,50.0000000000
64.0000000000,100.0000000000,0.0003339138,50.0000000000,100.0000000000,0.1000000000,10.0000000000,50.0000000000
64.0000000000,101.0000000000,0.0003290467,50.0000000000,100.0000000000,0.1000000000,10.0000000000,50.0000000000
64.0000000000,102.0000000000,0.0003230518,50.0000000000,100.0000000000,0.1000000000,10.0000000000,50.0000000000
64.0000000000,103.0000000000,0.0003169297,50.0000000000,100.0000000000,0.1000000000,10.0000000000,50.0000000000
64.0000000000,104.0000000000,0.0003055628,50.0000000000,100.0000000000,0.1000000000,10.0000000000,50.0000000000
64.0000000000,105.0000000000,0.0002917442,50.0000000000,100.0000000000,0.1000000000,10.0000000000,50.0000000000
64.0000000000,106.0000000000,0.0002761918,50.0000000000,100.0000000000,0.1000000000,10.0000000000,50.0000000000
64.0000000000,107.0000000000,0.0002570031,50.0000000000,100.0000000000,0.1000000000,10.0000000000,50.0000000000
64.0000000000,108.0000000000,0.0002358398,50.0000000000,100.0000000000,0.1000000000,10.0000000000,50.0000000000
64.0000000000,109.0000000000,0.0002166869,50.0000000000,100.0000000000,0.1000000000,10.0000000000,50.0000000000
64.0000000000,110.0000000000,0.0001985737,50.0000000000,100.0000000000,0.1000000000,10.0000000000,50.0000000000
64.0000000000,111.0000000000,0.0001762713,50.0000000000,100.0000000000,0.1000000000,10.0000000000,50.0000000000
64.0000000000,112.0000000000,0.0001572649,50.0000000000,100.0000000000,0.1000000000,10.0000000000,50.0000000000
64.0000000000,113.0000000000,0.0001404454,50.0000000000,100.0000000000,0.1000000000,10.0000000000,50.0000000000
64.0000000000,114.0000000000,0.0001224373,50.0000000000,100.0000000000,0.1000000000,10.0000000000,50.0000000000
64.0000000000,115.0000000000,0.0001078969,50.0000000000,100.0000000000,0.1000000000,10.0000000000,50.0000000000
64.0000000000,116.0000000000,0.0000924933,50.0000000000,100.0000000000,0.1000000000,10.0000000000,50.0000000000
64.0000000000,117.0000000000,0.0000798788,50.0000000000,100.0000000000,0.1000000000,10.0000000000,50.0000000000
64.0000000000,118.0000000000,0.0000684204,50.0000000000,100.0000000000,0.1000000000,10.0000000000,50.0000000000
64.0000000000,119.0000000000,0.0000575890,50.0000000000,100.0000000000,0.1000000000,10.0000000000,50.0000000000
64.0000000000,120.0000000000,0.0000478077,50.0000000000,100.0000000000,0.1000000000,10.0000000000,50.0000000000
64.0000000000,121.0000000000,0.0000390762,50.0000000000,100.0000000000,0.1000000000,10.0000000000,50.0000000000
64.0000000000,122.0000000000,0.0000313613,50.0000000000,100.0000000000,0.1000000000,10.0000000000,50.0000000000
64.0000000000,123.0000000000,0.0000253733,50.0000000000,100.0000000000,0.1000000000,10.0000000000,50.0000000000
64.0000000000,124.0000000000,0.0000216414,50.0000000000,100.0000000000,0.1000000000,10.0000000000,50.0000000000
64.0000000000,125.0000000000,0.0000172278,50.0000000000,100.0000000000,0.1000000000,10.0000000000,50.0000000000
64.0000000000,126.0000000000,0.0000132804,50.0000000000,100.0000000000,0.1000000000,10.0000000000,50.0000000000
64.0000000000,127.0000000000,0.0000100284,50.0000000000,100.0000000000,0.1000000000,10.0000000000,50.0000000000
64.0000000000,128.0000000000,0.0000078024,50.0000000000,100.0000000000,0.1000000000,10.0000000000,50.0000000000
64.0000000000,129.0000000000,0.0000057873,50.0000000000,100.0000000000,0.1000000000,10.0000000000,50.0000000000
64.0000000000,130.0000000000,0.0000044182,50.0000000000,100.0000000000,0.1000000000,10.0000000000,50.0000000000
64.0000000000,131.0000000000,0.0000033239,50.0000000000,100.0000000000,0.1000000000,10.0000000000,50.0000000000
64.0000000000,132.0000000000,0.0000026017,50.0000000000,100.0000000000,0.1000000000,10.0000000000,50.0000000000
64.0000000000,133.0000000000,0.0000017619,50.0000000000,100.0000000000,0.1000000000,10.0000000000,50.0000000000
64.0000000000,134.0000000000,0.0000014217,50.0000000000,100.0000000000,0.1000000000,10.0000000000,50.0000000000
64.0000000000,135.0000000000,0.0000009976,50.0000000000,100.0000000000,0.1000000000,10.0000000000,50.0000000000
64.0000000000,136.0000000000,0.0000007631,50.0000000000,100.0000000000,0.1000000000,10.0000000000,50.0000000000
64.0000000000,137.0000000000,0.0000004977,50.0000000000,100.0000000000,0.1000000000,10.0000000000,50.0000000000
64.0000000000,138.0000000000,0.0000003413,50.0000000000,100.0000000000,0.1000000000,10.0000000000,50.0000000000
64.0000000000,139.0000000000,0.0000002683,50.0000000000,100.0000000000,0.1000000000,10.0000000000,50.0000000000
64.0000000000,140.0000000000,0.0000002305,50.0000000000,100.0000000000,0.1000000000,10.0000000000,50.0000000000
64.0000000000,141.0000000000,0.0000001489,50.0000000000,100.0000000000,0.1000000000,10.0000000000,50.0000000000
64.0000000000,142.0000000000,0.0000001407,50.0000000000,100.0000000000,0.1000000000,10.0000000000,50.0000000000
64.0000000000,143.0000000000,0.0000000833,50.0000000000,100.0000000000,0.1000000000,10.0000000000,50.0000000000
64.0000000000,144.0000000000,0.0000000564,50.0000000000,100.0000000000,0.1000000000,10.0000000000,50.0000000000
64.0000000000,145.0000000000,0.0000000835,50.0000000000,100.0000000000,0.1000000000,10.0000000000,50.0000000000
64.0000000000,146.0000000000,0.0000000280,50.0000000000,100.0000000000,0.1000000000,10.0000000000,50.0000000000
64.0000000000,147.0000000000,0.0000000118,50.0000000000,100.0000000000,0.1000000000,10.0000000000,50.0000000000
64.0000000000,148.0000000000,0.0000000109,50.0000000000,100.0000000000,0.1000000000,10.0000000000,50.0000000000
64.0000000000,149.0000000000,0.0000000080,50.0000000000,100.0000000000,0.1000000000,10.0000000000,50.0000000000
65.0000000000,58.0000000000,0.0000000063,50.0000000000,100.0000000000,0.1000000000,10.0000000000,50.0000000000
65.0000000000,59.0000000000,0.0000000020,50.0000000000,100.0000000000,0.1000000000,10.0000000000,50.0000000000
65.0000000000,60.0000000000,0.0000000073,50.0000000000,100.0000000000,0.1000000000,10.0000000000,50.0000000000
65.0000000000,61.0000000000,0.0000000113,50.0000000000,100.0000000000,0.1000000000,10.0000000000,50.0000000000
65.0000000000,62.0000000000,0.0000000220,50.0000000000,100.0000000000,0.1000000000,10.0000000000,50.0000000000
65.0000000000,63.0000000000,0.0000000678,50.0000000000,100.0000000000,0.1000000000,10.0000000000,50.0000000000
65.0000000000,64.0000000000,0.0000001093,50.0000000000,100.0000000000,0.1000000000,10.0000000000,50.0000000000
65.0000000000,65.0000000000,0.0000001418,50.0000000000,100.0000000000,0.1000000000,10.0000000000,50.0000000000
65.0000000000,66.0000000000,0.0000002121,50.0000000000,100.0000000000,0.1000000000,10.0000000000,50.0000000000
65.0000000000,67.0000000000,0.0000004394,50.0000000000,100.0000000000,0.1000000000,10.0000000000,50.0000000000
65.0000000000,68.0000000000,0.0000005238,50.0000000000,100.0000000000,0.1000000000,10.0000000000,50.0000000000
65.0000000000,69.0000000000,0.0000007760,50.0000000000,100.0000000000,0.1000000000,10.0000000000,50.0000000000
65.0000000000,70.0000000000,0.0000013201,50.0000000000,100.0000000000,0.1000000000,10.0000000000,50.0000000000
65.0000000000,71.0000000000,0.0000018225,50.0000000000,100.0000000000,0.1000000000,10.0000000000,50.0000000000
65.0000000000,72.0000000000,0.0000028586,50.0000000000,100.0000000000,0.1000000000,10.0000000000,50.0000000000
65.0000000000,73.0000000000,0.0000042217,50.0000000000,100.0000000000,0.1000000000,10.0000000000,50.0000000000
65.0000000000,74.0000000000,0.0000055932,50.0000000000,100.0000000000,0.1000000000,10.0000000000,50.0000000000
65.0000000000,75.0000000000,0.0000080581,50.0000000000,100.0000000000,0.1000000000,10.0000000000,50.0000000000
65.0000000000,76.0000000000,0.0000107300,50.0000000000,100.0000000000,0.1000000000,10.0000000000,50.0000000000
65.0000000000,77.0000000000,0.0000141486,50.0000000000,100.0000000000,0.1000000000,10.0000000000,50.0000000000
65.0000000000,78.0000000000,0.0000183176,50.0000000000,100.0000000000,0.1000000000,10.0000000000,50.0000000000
65.0000000000,79.0000000000,0.0000237105,50.0000000000,100.0000000000,0.1000000000,10.0000000000,50.0000000000
65.0000000000,80.0000000000,0.0000299977,50.0000000000,100.0000000000,0.1000000000,10.0000000000,50.0000000000
65.0000000000,81.0000000000,0.0000368180,50.0000000000,100.0000000000,0.1000000000,10.0000000000,50.0000000000
65.0000000000,82.0000000000,0.0000461130,50.0000000000,100.0000000000,0.1000000000,10.0000000000,50.0000000000
65.0000000000,83.0000000000,0.0000566281,50.0000000000,100.0000000000,0.1000000000,10.0000000000,50.0000000000
65.0000000000,84.0000000000,0.0000672131,50.0000000000,100.0000000000,0.1000000000,10.0000000000,50.0000000000
65.0000000000,85.0000000000,0.0000792382,50.0000000000,100.0000000000,0.1000000000,10.0000000000,50.0000000000
65.0000000000,86.0000000000,0.0000940732,50.0000000000,100.0000000000,0.1000000000,10.0000000000,50.0000000000
65.0000000000,87.0000000000,0.0001075851,50.0000000000,100.0000000000,0.1000000000,10.0000000000,50.0000000000
65.0000000000,88.0000000000,0.0001230495,50.0000000000,100.0000000000,0.1000000000,10.0000000000,50.0000000000
65.0000000000,89.0000000000,0.0001385592,50.0000000000,100.0000000000,0.1000000000,10.0000000000,50.0000000000
65.0000000000,90.0000000000,0.0001548751,50.0000000000,100.0000000000,0.1000000000,10.0000000000,50.0000000000
65.0000000000,91.0000000000,0.0001711428,50.0000000000,100.0000000000,0.1000000000,10.0000000000,50.0000000000
65.0000000000,92.0000000000,0.0001860697,50.0000000000,100.0000000000,0.1000000000,10.0000000000,50.0000000000
65.0000000000,93.0000000000,0.0002047613,50.0000000000,100.0000000000,0.1000000000,10.0000000000,50.0000000000
65.0000000000,94.0000000000,0.0002170018,50.0000000000,100.0000000000,0.1000000000,10.0000000000,50.0000000000
65.0000000000,95.0000000000,0.0002287802,50.0000000000,100.0000000000,0.1000000000,10.0000000000,50.0000000000
65.0000000000,96.0000000000,0.0002421915,50.0000000000,100.0000000000,0.1000000000,10.0000000000,50.0000000000
65.0000000000,97.0000000000,0.0002463683,50.0000000000,100.0000000000,0.1000000000,10.0000000000,50.0000000000
65.0000000000,98.0000000000,0.0002556670,50.0000000000,100.0000000000,0.1000000000,10.0000000000,50.0000000000
65.0000000000,99.0000000000,0.0002563564,50.0000000000,100.0000000000,0.1000000000,10.0000000000,50.0000000000
65.0000000000,100.0000000000,0.0002575123,50.0000000000,100.0000000000,0.1000000000,10.0000000000,50.0000000000
65.0000000000,101.0000000000,0.0002538312,50.0000000000,100.0000000000,0.1000000000,10.0000000000,50.0000000000
65.0000000000,102.0000000000,0.0002463277,50.0000000000,100.0000000000,0.1000000000,10.0000000000,50.0000000000
65.0000000000,103.0000000000,0.0002451429,50.0000000000,100.0000000000,0.1000000000,10.0000000000,50.0000000000
65.0000000000,104.0000000000,0.0002345099,50.0000000000,100.0000000000,0.1000000000,10.0000000000,50.0000000000
65.0000000000,105.0000000000,0.0002259279,50.0000000000,100.0000000000,0.1000000000,10.0000000000,50.0000000000
65.0000000000,106.0000000000,0.0002127980,50.0000000000,100.0000000000,0.1000000000,10.0000000000,50.0000000000
65.0000000000,107.0000000000,0.0001973304,50.0000000000,100.0000000000,0.1000000000,10.0000000000,50.0000000000
65.0000000000,108.0000000000,0.0001809608,50.0000000000,100.0000000000,0.1000000000,10.0000000000,50.0000000000
65.0000000000,109.0000000000,0.0001656659,50.0000000000,100.0000000000,0.1000000000,10.0000000000,50.0000000000
65.0000000000,110.0000000000,0.0001525714,50.0000000000,100.0000000000,0.1000000000,10.0000000000,50.0000000000
65.0000000000,111.0000000000,0.0001353190,50.0000000000,100.0000000000,0.1000000000,10.0000000000,50.0000000000
65.0000000000,112.0000000000,0.0001219623,50.0000000000,100.0000000000,0.1000000000,10.0000000000,50.0000000000
65.0000000000,113.0000000000,0.0001083943,50.0000000000,100.0000000000,0.1000000000,10.0000000000,50.0000000000
65.0000000000,114.0000000000,0.0000956335,50.0000000000,100.0000000000,0.1000000000,10.0000000000,50.0000000000
65.0000000000,115.0000000000,0.0000830770,50.0000000000,100.0000000000,0.1000000000,10.0000000000,50.0000000000
65.0000000000,116.0000000000,0.0000720906,50.0000000000,100.0000000000,0.1000000000,10.0000000000,50.0000000000
65.0000000000,117.0000000000,0.0000619020,50.0000000000,100.0000000000,0.1000000000,10.0000000000,50.0000000000
65.0000000000,118.0000000000,0.0000519760,50.0000000000,100.0000000000,0.1000000000,10.0000000000,50.0000000000
65.0000000000,119.0000000000,0.0000440393,50.0000000000,100.0000000000,0.1000000000,10.0000000000,50.0000000000
65.0000000000,120.0000000000,0.0000362276,50.0000000000,100.0000000000,0.1000000000,10.0000000000,50.0000000000
65.0000000000,121.0000000000,0.0000298957,50.0000000000,100.0000000000,0.1000000000,10.0000000000,50.0000000000
65.0000000000,122.0000000000,0.0000243502,50.0000000000,100.0000000000,0.1000000000,10.0000000000,50.0000000000
65.0000000000,123.0000000000,0.0000195491,50.0000000000,100.0000000000,0.1000000000,10.0000000000,50.0000000000
65.0000000000,124.0000000000,0.0000167599,50.0000000000,100.0000000000,0.1000000000,10.0000000000,50.0000000000
65.0000000000,125.0000000000,0.0000131371,50.0000000000,100.0000000000,0.1000000000,10.0000000000,50.0000000000
65.0000000000,126.0000000000,0.0000102021,50.0000000000,100.0000000000,0.1000000000,10.0000000000,50.0000000000
65.0000000000,127.0000000000,0.0000075897,50.0000000000,100.0000000000,0.1000000000,10.0000000000,50.0000000000
65.0000000000,128.0000000000,0.0000061472,50.0000000000,100.0000000000,0.1000000000,10.0000000000,50.0000000000
65.0000000000,129.0000000000,0.0000043597,50.0000000000,100.0000000000,0.1000000000,10.0000000000,50.0000000000
65.0000000000,130.0000000000,0.0000033122,50.0000000000,100.0000000000,0.1000000000,10.0000000000,50.0000000000
65.0000000000,131.0000000000,0.0000026318,50.0000000000,100.0000000000,0.1000000000,10.0000000000,50.0000000000
65.0000000000,132.0000000000,0.0000020308,50.0000000000,100.0000000000,0.1000000000,10.0000000000,50.0000000000
65.0000000000,133.0000000000,0.0000013691,50.0000000000,100.0000000000,0.1000000000,10.0000000000,50.0000000000
65.0000000000,134.0000000000,0.0000010892,50.0000000000,100.0000000000,0.1000000000,10.0000000000,50.0000000000
65.0000000000,135.0000000000,0.0000007235,50.0000000000,100.0000000000,0.1000000000,10.0000000000,50.0000000000
65.0000000000,136.0000000000,0.0000005495,50.0000000000,100.0000000000,0.1000000000,10.0000000000,50.0000000000
65.0000000000,137.0000000000,0.0000004242,50.0000000000,100.0000000000,0.1000000000,10.0000000000,50.0000000000
65.0000000000,138.0000000000,0.0000002486,50.0000000000,100.0000000000,0.1000000000,10.0000000000,50.0000000000
65.0000000000,139.0000000000,0.0000002132,50.0000000000,100.0000000000,0.1000000000,10.0000000000,50.0000000000
65.0000000000,140.0000000000,0.0000001399,50.0000000000,100.0000000000,0.1000000000,10.0000000000,50.0000000000
65.0000000000,141.0000000000,0.0000001241,50.0000000000,100.0000000000,0.1000000000,10.0000000000,50.0000000000
65.0000000000,142.0000000000,0.0000001201,50.0000000000,100.0000000000,0.1000000000,10.0000000000,50.0000000000
65.0000000000,143.0000000000,0.0000001102,50.0000000000,100.0000000000,0.1000000000,10.0000000000,50.0000000000
65.0000000000,144.0000000000,0.0000000210,50.0000000000,100.0000000000,0.1000000000,10.0000000000,50.0000000000
65.0000000000,145.0000000000,0.0000000397,50.0000000000,100.0000000000,0.1000000000,10.0000000000,50.0000000000
65.0000000000,146.0000000000,0.0000000240,50.0000000000,100.0000000000,0.1000000000,10.0000000000,50.0000000000
65.0000000000,147.0000000000,0.0000000019,50.0000000000,100.0000000000,0.1000000000,10.0000000000,50.0000000000
65.0000000000,148.0000000000,0.0000000042,50.0000000000,100.0000000000,0.1000000000,10.0000000000,50.0000000000
65.0000000000,149.0000000000,0.0000000053,50.0000000000,100.0000000000,0.1000000000,10.0000000000,50.0000000000
65.0000000000,150.0000000000,0.0000000001,50.0000000000,100.0000000000,0.1000000000,10.0000000000,50.0000000000
66.0000000000,58.0000000000,0.0000000120,50.0000000000,100.0000000000,0.1000000000,10.0000000000,50.0000000000
66.0000000000,59.0000000000,0.0000000077,50.0000000000,100.0000000000,0.1000000000,10.0000000000,50.0000000000
66.0000000000,60.0000000000,0.0000000018,50.0000000000,100.0000000000,0.1000000000,10.0000000000,50.0000000000
66.0000000000,61.0000000000,0.0000000048,50.0000000000,100.0000000000,0.1000000000,10.0000000000,50.0000000000
66.0000000000,62.0000000000,0.0000000189,50.0000000000,100.0000000000,0.1000000000,10.0000000000,50.0000000000
66.0000000000,63.0000000000,0.0000000450,50.0000000000,100.0000000000,0.1000000000,10.0000000000,50.0000000000
66.0000000000,64.0000000000,0.0000000735,50.0000000000,100.0000000000,0.1000000000,10.0000000000,50.0000000000
66.0000000000,65.0000000000,0.0000000978,50.0000000000,100.0000000000,0.1000000000,10.0000000000,50.0000000000
66.0000000000,66.0000000000,0.0000001761,50.0000000000,100.0000000000,0.1000000000,10.0000000000,50.0000000000
66.0000000000,67.0000000000,0.0000003052,50.0000000000,100.0000000000,0.1000000000,10.0000000000,50.0000000000
66.0000000000,68.0000000000,0.0000004520,50.0000000000,100.0000000000,0.1000000000,10.0000000000,50.0000000000
66.0000000000,69.0000000000,0.0000005698,50.0000000000,100.0000000000,0.1000000000,10.0000000000,50.0000000000
66.0000000000,70.0000000000,0.0000009425,50.0000000000,100.0000000000,0.1000000000,10.0000000000,50.0000000000
66.0000000000,71.0000000000,0.0000015733,50.0000000000,100.0000000000,0.1000000000,10.0000000000,50.0000000000
66.0000000000,72.0000000000,0.0000023010,50.0000000000,100.0000000000,0.1000000000,10.0000000000,50.0000000000
66.0000000000,73.0000000000,0.0000029942,50.0000000000,100.0000000000,0.1000000000,10.0000000000,50.0000000000
66.0000000000,74.0000000000,0.0000042776,50.0000000000,100.0000000000,0.1000000000,10.0000000000,50.0000000000
66.0000000000,75.0000000000,0.0000061181,50.0000000000,100.0000000000,0.1000000000,10.0000000000,50.0000000000
66.0000000000,76.0000000000,0.0000079435,50.0000000000,100.0000000000,0.1000000000,10.0000000000,50.0000000000
66.0000000000,77.0000000000,0.0000106753,50.0000000000,100.0000000000,0.1000000000,10.0000000000,50.0000000000
66.0000000000,78.0000000000,0.0000139896,50.0000000000,100.0000000000,0.1000000000,10.0000000000,50.0000000000
66.0000000000,79.0000000000,0.0000172729,50.0000000000,100.0000000000,0.1000000000,10.0000000000,50.0000000000
66.0000000000,80.0000000000,0.0000222914,50.0000000000,100.0000000000,0.1000000000,10.0000000000,50.0000000000
66.0000000000,81.0000000000,0.0000283363,50.0000000000,100.0000000000,0.1000000000,10.0000000000,50.0000000000
66.0000000000,82.0000000000,0.0000345413,50.0000000000,100.0000000000,0.1000000000,10.0000000000,50.0000000000
66.0000000000,83.0000000000,0.0000417117,50.0000000000,100.0000000000,0.1000000000,10.0000000000,50.0000000000
66.0000000000,84.0000000000,0.0000511125,50.0000000000,100.0000000000,0.1000000000,10.0000000000,50.0000000000
66.0000000000,85.0000000000,0.0000591441,50.0000000000,100.0000000000,0.1000000000,10.0000000000,50.0000000000
66.0000000000,86.0000000000,0.0000708481,50.0000000000,100.0000000000,0.1000000000,10.0000000000,50.0000000000
66.0000000000,87.0000000000,0.0000817546,50.0000000000,100.0000000000,0.1000000000,10.0000000000,50.0000000000
66.0000000000,88.0000000000,0.0000931950,50.0000000000,100.0000000000,0.1000000000,10.0000000000,50.0000000000
66.0000000000,89.0000000000,0.0001045644,50.0000000000,100.0000000000,0.1000000000,10.0000000000,50.0000000000
66.0000000000,90.0000000000,0.0001176153,50.0000000000,100.0000000000,0.1000000000,10.0000000000,50.0000000000
66.0000000000,91.0000000000,0.0001308860,50.0000000000,100.0000000000,0.1000000000,10.0000000000,50.0000000000
66.0000000000,92.0000000000,0.0001405695,50.0000000000,100.0000000000,0.1000000000,10.0000000000,50.0000000000
66.0000000000,93.0000000000,0.0001549078,50.0000000000,100.0000000000,0.1000000000,10.0000000000,50.0000000000
66.0000000000,94.0000000000,0.0001641948,50.0000000000,100.0000000000,0.1000000000,10.0000000000,50.0000000000
66.0000000000,95.0000000000,0.0001730816,50.0000000000,100.0000000000,0.1000000000,10.0000000000,50.0000000000
66.0000000000,96.0000000000,0.0001825577,50.0000000000,100.0000000000,0.1000000000,10.0000000000,50.0000000000
66.0000000000,97.0000000000,0.0001857825,50.0000000000,100.0000000000,0.1000000000,10.0000000000,50.0000000000
66.0000000000,98.0000000000,0.0001938985,50.0000000000,100.0000000000,0.1000000000,10.0000000000,50.0000000000
66.0000000000,99.0000000000,0.0001941597,50.0000000000,100.0000000000,0.1000000000,10.0000000000,50.0000000000
66.0000000000,100.0000000000,0.0001950815,50.0000000000,100.0000000000,0.1000000000,10.0000000000,50.0000000000
66.0000000000,101.0000000000,0.0001925296,50.0000000000,100.0000000000,0.1000000000,10.0000000000,50.0000000000
66.0000000000,102.0000000000,0.0001889991,50.0000000000,100.0000000000,0.1000000000,10.0000000000,50.0000000000
66.0000000000,103.0000000000,0.0001843892,50.0000000000,100.0000000000,0.1000000000,10.0000000000,50.0000000000
66.0000000000,104.0000000000,0.0001784624,50.0000000000,100.0000000000,0.1000000000,10.0000000000,50.0000000000
66.0000000000,105.0000000000,0.0001711640,50.0000000000,100.0000000000,0.1000000000,10.0000000000,50.0000000000
66.0000000000,106.0000000000,0.0001606913,50.0000000000,100.0000000000,0.1000000000,10.0000000000,50.0000000000
66.0000000000,107.0000000000,0.0001498062,50.0000000000,100.0000000000,0.1000000000,10.0000000000,50.0000000000
66.0000000000,108.0000000000,0.0001383741,50.0000000000,100.0000000000,0.1000000000,10.0000000000,50.0000000000
66.0000000000,109.0000000000,0.0001258369,50.0000000000,100.0000000000,0.1000000000,10.0000000000,50.0000000000
66.0000000000,110.0000000000,0.0001151913,50.0000000000,100.0000000000,0.1000000000,10.0000000000,50.0000000000
66.0000000000,111.0000000000,0.0001032060,50.0000000000,100.0000000000,0.1000000000,10.0000000000,50.0000000000
66.0000000000,112.0000000000,0.0000922585,50.0000000000,100.0000000000,0.1000000000,10.0000000000,50.0000000000
66.0000000000,113.0000000000,0.0000822894,50.0000000000,100.0000000000,0.1000000000,10.0000000000,50.0000000000
66.0000000000,114.0000000000,0.0000724115,50.0000000000,100.0000000000,0.1000000000,10.0000000000,50.0000000000
66.0000000000,115.0000000000,0.0000625871,50.0000000000,100.0000000000,0.1000000000,10.0000000000,50.0000000000
66.0000000000,116.0000000000,0.0000543771,50.0000000000,100.0000000000,0.1000000000,10.0000000000,50.0000000000
66.0000000000,117.0000000000,0.0000468020,50.0000000000,100.0000000000,0.1000000000,10.0000000000,50.0000000000
66.0000000000,118.0000000000,0.0000391148,50.0000000000,100.0000000000,0.1000000000,10.0000000000,50.0000000000
66.0000000000,119.0000000000,0.0000329705,50.0000000000,100.0000000000,0.1000000000,10.0000000000,50.0000000000
66.0000000000,120.0000000000,0.0000269907,50.0000000000,100.0000000000,0.1000000000,10.0000000000,50.0000000000
66.0000000000,121.0000000000,0.0000228100,50.0000000000,100.0000000000,0.1000000000,10.0000000000,50.0000000000
66.0000000000,122.0000000000,0.0000188508,50.0000000000,100.0000000000,0.1000000000,10.0000000000,50.0000000000
66.0000000000,123.0000000000,0.0000154307,50.0000000000,100.0000000000,0.1000000000,10.0000000000,50.0000000000
66.0000000000,124.0000000000,0.0000122015,50.0000000000,100.0000000000,0.1000000000,10.0000000000,50.0000000000
66.0000000000,125.0000000000,0.0000097137,50.0000000000,100.0000000000,0.1000000000,10.0000000000,50.0000000000
66.0000000000,126.0000000000,0.0000079708,50.0000000000,100.0000000000,0.1000000000,10.0000000000,50.0000000000
66.0000000000,127.0000000000,0.0000056885,50.0000000000,100.0000000000,0.1000000000,10.0000000000,50.0000000000
66.0000000000,128.0000000000,0.0000045437,50.0000000000,100.0000000000,0.1000000000,10.0000000000,50.0000000000
66.0000000000,129.0000000000,0.0000033196,50.0000000000,100.0000000000,0.1000000000,10.0000000000,50.0000000000
66.0000000000,130.0000000000,0.0000024371,50.0000000000,100.0000000000,0.1000000000,10.0000000000,50.0000000000
66.0000000000,131.0000000000,0.0000018111,50.0000000000,100.0000000000,0.1000000000,10.0000000000,50.0000000000
66.0000000000,132.0000000000,0.0000014508,50.0000000000,100.0000000000,0.1000000000,10.0000000000,50.0000000000
66.0000000000,133.0000000000,0.0000010445,50.0000000000,100.0000000000,0.1000000000,10.0000000000,50.0000000000
66.0000000000,134.0000000000,0.0000007290,50.0000000000,100.0000000000,0.1000000000,10.0000000000,50.0000000000
66.0000000000,135.0000000000,0.0000004820,50.0000000000,100.0000000000,0.1000000000,10.0000000000,50.0000000000
66.0000000000,136.0000000000,0.0000004128,50.0000000000,100.0000000000,0.1000000000,10.0000000000,50.0000000000
66.0000000000,137.0000000000,0.0000003135,50.0000000000,100.0000000000,0.1000000000,10.0000000000,50.0000000000
66.0000000000,138.0000000000,0.0000002005,50.0000000000,100.0000000000,0.1000000000,10.0000000000,50.0000000000
66.0000000000,139.0000000000,0.0000001652,50.0000000000,100.0000000000,0.1000000000,10.0000000000,50.0000000000
66.0000000000,140.0000000000,0.0000001062,50.0000000000,100.0000000000,0.1000000000,10.0000000000,50.0000000000
66.0000000000,141.0000000000,0.0000000697,50.0000000000,100.0000000000,0.1000000000,10.0000000000,50.0000000000
66.0000000000,142.0000000000,0.0000000837,50.0000000000,100.0000000000,0.1000000000,10.0000000000,50.0000000000
66.0000000000,143.0000000000,0.0000000490,50.0000000000,100.0000000000,0.1000000000,10.0000000000,50.0000000000
66.0000000000,144.0000000000,0.0000000216,50.0000000000,100.0000000000,0.1000000000,10.0000000000,50.0000000000
66.0000000000,145.0000000000,0.0000000232,50.0000000000,100.0000000000,0.1000000000,10.0000000000,50.0000000000
66.0000000000,146.0000000000,0.0000000203,50.0000000000,100.0000000000,0.1000000000,10.0000000000,50.0000000000
66.0000000000,147.0000000000,0.0000000052,50.0000000000,100.0000000000,0.1000000000,10.0000000000,50.0000000000
66.0000000000,148.0000000000,0.0000000026,50.0000000000,100.0000000000,0.1000000000,10.0000000000,50.0000000000
66.0000000000,149.0000000000,0.0000000014,50.0000000000,100.0000000000,0.1000000000,10.0000000000,50.0000000000
66.0000000000,150.0000000000,0.0000000009,50.0000000000,100.0000000000,0.1000000000,10.0000000000,50.0000000000
67.0000000000,58.0000000000,0.0000000066,50.0000000000,100.0000000000,0.1000000000,10.0000000000,50.0000000000
67.0000000000,59.0000000000,0.0000000003,50.0000000000,100.0000000000,0.1000000000,10.0000000000,50.0000000000
67.0000000000,60.0000000000,0.0000000016,50.0000000000,100.0000000000,0.1000000000,10.0000000000,50.0000000000
67.0000000000,61.0000000000,0.0000000111,50.0000000000,100.0000000000,0.1000000000,10.0000000000,50.0000000000
67.0000000000,62.0000000000,0.0000000134,50.0000000000,100.0000000000,0.1000000000,10.0000000000,50.0000000000
67.0000000000,63.0000000000,0.0000000119,50.0000000000,100.0000000000,0.1000000000,10.0000000000,50.0000000000
67.0000000000,64.0000000000,0.0000000406,50.0000000000,100.0000000000,0.1000000000,10.0000000000,50.0000000000
67.0000000000,65.0000000000,0.0000000471,50.0000000000,100.0000000000,0.1000000000,10.0000000000,50.0000000000
67.0000000000,66.0000000000,0.0000001410,50.0000000000,100.0000000000,0.1000000000,10.0000000000,50.0000000000
67.0000000000,67.0000000000,0.0000002403,50.0000000000,100.0000000000,0.1000000000,10.0000000000,50.0000000000
67.0000000000,68.0000000000,0.0000002543,50.0000000000,100.0000000000,0.1000000000,10.0000000000,50.0000000000
67.0000000000,69.0000000000,0.0000004383,50.0000000000,100.0000000000,0.1000000000,10.0000000000,50.0000000000
67.0000000000,70.0000000000,0.0000007332,50.0000000000,100.0000000000,0.1000000000,10.0000000000,50.0000000000
67.0000000000,71.0000000000,0.0000010313,50.0000000000,100.0000000000,0.1000000000,10.0000000000,50.0000000000
67.0000000000,72.0000000000,0.0000017792,50.0000000000,100.0000000000,0.1000000000,10.0000000000,50.0000000000
67.0000000000,73.0000000000,0.0000022789,50.0000000000,100.0000000000,0.1000000000,10.0000000000,50.0000000000
67.0000000000,74.0000000000,0.0000028225,50.0000000000,100.0000000000,0.1000000000,10.0000000000,50.0000000000
67.0000000000,75.0000000000,0.0000043193,50.0000000000,100.0000000000,0.1000000000,10.0000000000,50.0000000000
67.0000000000,76.0000000000,0.0000059736,50.0000000000,100.0000000000,0.1000000000,10.0000000000,50.0000000000
67.0000000000,77.0000000000,0.0000079483,50.0000000000,100.0000000000,0.1000000000,10.0000000000,50.0000000000
67.0000000000,78.0000000000,0.0000099963,50.0000000000,100.0000000000,0.1000000000,10.0000000000,50.0000000000
67.0000000000,79.0000000000,0.0000129235,50.0000000000,100.0000000000,0.1000000000,10.0000000000,50.0000000000
67.0000000000,80.0000000000,0.0000165395,50.0000000000,100.0000000000,0.1000000000,10.0000000000,50.0000000000
67.0000000000,81.0000000000,0.0000208314,50.0000000000,100.0000000000,0.1000000000,10.0000000000,50.0000000000
67.0000000000,82.0000000000,0.0000251403,50.0000000000,100.0000000000,0.1000000000,10.0000000000,50.0000000000
67.0000000000,83.0000000000,0.0000307520,50.0000000000,100.0000000000,0.1000000000,10.0000000000,50.0000000000
67.0000000000,84.0000000000,0.0000376764,50.0000000000,100.0000000000,0.1000000000,10.0000000000,50.0000000000
67.0000000000,85.0000000000,0.0000445446,50.0000000000,100.0000000000,0.1000000000,10.0000000000,50.0000000000
67.0000000000,86.0000000000,0.0000527754,50.0000000000,100.0000000000,0.1000000000,10.0000000000,50.0000000000
67.0000000000,87.0000000000,0.0000610347,50.0000000000,100.0000000000,0.1000000000,10.0000000000,50.0000000000
67.0000000000,88.0000000000,0.0000692668,50.0000000000,100.0000000000,0.1000000000,10.0000000000,50.0000000000
67.0000000000,89.0000000000,0.0000782961,50.0000000000,100.0000000000,0.1000000000,10.0000000000,50.0000000000
67.0000000000,90.0000000000,0.0000871310,50.0000000000,100.0000000000,0.1000000000,10.0000000000,50.0000000000
67.0000000000,91.0000000000,0.0000966086,50.0000000000,100.0000000000,0.1000000000,10.0000000000,50.0000000000
67.0000000000,92.0000000000,0.0001044952,50.0000000000,100.0000000000,0.1000000000,10.0000000000,50.0000000000
67.0000000000,93.0000000000,0.0001153708,50.0000000000,100.0000000000,0.1000000000,10.0000000000,50.0000000000
67.0000000000,94.0000000000,0.0001219333,50.0000000000,100.0000000000,0.1000000000,10.0000000000,50.0000000000
67.0000000000,95.0000000000,0.0001288377,50.0000000000,100.0000000000,0.1000000000,10.0000000000,50.0000000000
67.0000000000,96.0000000000,0.0001348174,50.0000000000,100.0000000000,0.1000000000,10.0000000000,50.0000000000
67.0000000000,97.0000000000,0.0001381001,50.0000000000,100.0000000000,0.1000000000,10.0000000000,50.0000000000
67.0000000000,98.0000000000,0.0001437453,50.0000000000,100.0000000000,0.1000000000,10.0000000000,50.0000000000
67.0000000000,99.0000000000,0.0001455174,50.0000000000,100.0000000000,0.1000000000,10.0000000000,50.0000000000
67.0000000000,100.0000000000,0.0001459368,50.0000000000,100.0000000000,0.1000000000,10.0000000000,50.0000000000
67.0000000000,101.0000000000,0.0001425330,50.0000000000,100.0000000000,0.1000000000,10.0000000000,50.0000000000
67.0000000000,102.0000000000,0.0001412255,50.0000000000,100.0000000000,0.1000000000,10.0000000000,50.0000000000
67.0000000000,103.0000000000,0.0001394282,50.0000000000,100.0000000000,0.1000000000,10.0000000000,50.0000000000
67.0000000000,104.0000000000,0.0001335685,50.0000000000,100.0000000000,0.1000000000,10.0000000000,50.0000000000
67.0000000000,105.0000000000,0.0001276554,50.0000000000,100.0000000000,0.1000000000,10.0000000000,50.0000000000
67.0000000000,106.0000000000,0.0001201825,50.0000000000,100.0000000000,0.1000000000,10.0000000000,50.0000000000
67.0000000000,107.0000000000,0.0001128040,50.0000000000,100.0000000000,0.1000000000,10.0000000000,50.0000000000
67.0000000000,108.0000000000,0.0001045720,50.0000000000,100.0000000000,0.1000000000,10.0000000000,50.0000000000
67.0000000000,109.0000000000,0.0000945193,50.0000000000,100.0000000000,0.1000000000,10.0000000000,50.0000000000
67.0000000000,110.0000000000,0.0000863577,50.0000000000,100.0000000000,0.1000000000,10.0000000000,50.0000000000
67.0000000000,111.0000000000,0.0000771744,50.0000000000,100.0000000000,0.1000000000,10.0000000000,50.0000000000
67.0000000000,112.0000000000,0.0000692434,50.0000000000,100.0000000000,0.1000000000,10.0000000000,50.0000000000
67.0000000000,113.0000000000,0.0000618508,50.0000000000,100.0000000000,0.1000000000,10.0000000000,50.0000000000
67.0000000000,114.0000000000,0.0000537187,50.0000000000,100.0000000000,0.1000000000,10.0000000000,50.0000000000
67.0000000000,115.0000000000,0.0000479798,50.0000000000,100.0000000000,0.1000000000,10.0000000000,50.0000000000
67.0000000000,116.0000000000,0.0000411153,50.0000000000,100.0000000000,0.1000000000,10.0000000000,50.0000000000
67.0000000000,117.0000000000,0.0000344367,50.0000000000,100.0000000000,0.1000000000,10.0000000000,50.0000000000
67.0000000000,118.0000000000,0.0000291034,50.0000000000,100.0000000000,0.1000000000,10.0000000000,50.0000000000
67.0000000000,119.0000000000,0.0000247073,50.0000000000,100.0000000000,0.1000000000,10.0000000000,50.0000000000
67.0000000000,120.0000000000,0.0000204643,50.0000000000,100.0000000000,0.1000000000,10.0000000000,50.0000000000
67.0000000000,121.0000000000,0.0000167243,50.0000000000,100.0000000000,0.1000000000,10.0000000000,50.0000000000
67.0000000000,122.0000000000,0.0000141012,50.0000000000,100.0000000000,0.1000000000,10.0000000000,50.0000000000
67.0000000000,123.0000000000,0.0000112303,50.0000000000,100.0000000000,0.1000000000,10.0000000000,50.0000000000
67.0000000000,124.0000000000,0.0000090656,50.0000000000,100.0000000000,0.1000000000,10.0000000000,50.0000000000
67.0000000000,125.0000000000,0.0000073087,50.0000000000,100.0000000000,0.1000000000,10.0000000000,50.0000000000
67.0000000000,126.0000000000,0.0000058144,50.0000000000,100.0000000000,0.1000000000,10.0000000000,50.0000000000
67.0000000000,127.0000000000,0.0000044278,50.0000000000,100.0000000000,0.1000000000,10.0000000000,50.0000000000
67.0000000000,128.0000000000,0.0000033510,50.0000000000,100.0000000000,0.1000000000,10.0000000000,50.0000000000
67.0000000000,129.0000000000,0.0000024563,50.0000000000,100.0000000000,0.1000000000,10.0000000000,50.0000000000
67.0000000000,130.0000000000,0.0000017681,50.0000000000,100.0000000000,0.1000000000,10.0000000000,50.0000000000
67.0000000000,131.0000000000,0.0000012580,50.0000000000,100.0000000000,0.1000000000,10.0000000000,50.0000000000
67.0000000000,132.0000000000,0.0000011934,50.0000000000,100.0000000000,0.1000000000,10.0000000000,50.0000000000
67.0000000000,133.0000000000,0.0000008035,50.0000000000,100.0000000000,0.1000000000,10.0000000000,50.0000000000
67.0000000000,134.0000000000,0.0000006832,50.0000000000,100.0000000000,0.1000000000,10.0000000000,50.0000000000
67.0000000000,135.0000000000,0.0000004805,50.0000000000,100.0000000000,0.1000000000,10.0000000000,50.0000000000
67.0000000000,136.0000000000,0.0000003229,50.0000000000,100.0000000000,0.1000000000,10.0000000000,50.0000000000
67.0000000000,137.0000000000,0.0000002475,50.0000000000,100.0000000000,0.1000000000,10.0000000000,50.0000000000
67.0000000000,138.0000000000,0.0000001495,50.0000000000,100.0000000000,0.1000000000,10.0000000000,50.0000000000
67.0000000000,139.0000000000,0.0000001188,50.0000000000,100.0000000000,0.1000000000,10.0000000000,50.0000000000
67.0000000000,140.0000000000,0.0000000773,50.0000000000,100.0000000000,0.1000000000,10.0000000000,50.0000000000
67.0000000000,141.0000000000,0.0000000573,50.0000000000,100.0000000000,0.1000000000,10.0000000000,50.0000000000
67.0000000000,142.0000000000,0.0000000754,50.0000000000,100.0000000000,0.1000000000,10.0000000000,50.0000000000
67.0000000000,143.0000000000,0.0000000570,50.0000000000,100.0000000000,0.1000000000,10.0000000000,50.0000000000
67.0000000000,144.0000000000,0.0000000206,50.0000000000,100.0000000000,0.1000000000,10.0000000000,50.0000000000
67.0000000000,145.0000000000,0.0000000146,50.0000000000,100.0000000000,0.1000000000,10.0000000000,50.0000000000
67.0000000000,146.0000000000,0.0000000006,50.0000000000,100.0000000000,0.1000000000,10.0000000000,50.0000000000
67.0000000000,147.0000000000,0.0000000038,50.0000000000,100.0000000000,0.1000000000,10.0000000000,50.0000000000
67.0000000000,148.0000000000,0.0000000015,50.0000000000,100.0000000000,0.1000000000,10.0000000000,50.0000000000
67.0000000000,149.0000000000,0.0000000002,50.0000000000,100.0000000000,0.1000000000,10.0000000000,50.0000000000
68.0000000000,58.0000000000,0.0000000041,50.0000000000,100.0000000000,0.1000000000,10.0000000000,50.0000000000
68.0000000000,61.0000000000,0.0000000096,50.0000000000,100.0000000000,0.1000000000,10.0000000000,50.0000000000
68.0000000000,62.0000000000,0.0000000070,50.0000000000,100.0000000000,0.1000000000,10.0000000000,50.0000000000
68.0000000000,63.0000000000,0.0000000150,50.0000000000,100.0000000000,0.1000000000,10.0000000000,50.0000000000
68.0000000000,64.0000000000,0.0000000355,50.0000000000,100.0000000000,0.1000000000,10.0000000000,50.0000000000
68.0000000000,65.0000000000,0.0000000330,50.0000000000,100.0000000000,0.1000000000,10.0000000000,50.0000000000
68.0000000000,66.0000000000,0.0000001308,50.0000000000,100.0000000000,0.1000000000,10.0000000000,50.0000000000
68.0000000000,67.0000000000,0.0000001445,50.0000000000,100.0000000000,0.1000000000,10.0000000000,50.0000000000
68.0000000000,68.0000000000,0.0000002136,50.0000000000,100.0000000000,0.1000000000,10.0000000000,50.0000000000
68.0000000000,69.0000000000,0.0000003243,50.0000000000,100.0000000000,0.1000000000,10.0000000000,50.0000000000
68.0000000000,70.0000000000,0.0000005568,50.0000000000,100.0000000000,0.1000000000,10.0000000000,50.0000000000
68.0000000000,71.0000000000,0.0000007032,50.0000000000,100.0000000000,0.1000000000,10.0000000000,50.0000000000
68.0000000000,72.0000000000,0.0000013452,50.0000000000,100.0000000000,0.1000000000,10.0000000000,50.0000000000
68.0000000000,73.0000000000,0.0000017574,50.0000000000,100.0000000000,0.1000000000,10.0000000000,50.0000000000
68.0000000000,74.0000000000,0.0000021559,50.0000000000,100.0000000000,0.1000000000,10.0000000000,50.0000000000
68.0000000000,75.0000000000,0.0000029945,50.0000000000,100.0000000000,0.1000000000,10.0000000000,50.0000000000
68.0000000000,76.0000000000,0.0000041015,50.0000000000,100.0000000000,0.1000000000,10.0000000000,50.0000000000
68.0000000000,77.0000000000,0.0000057526,50.0000000000,100.0000000000,0.1000000000,10.0000000000,50.0000000000
68.0000000000,78.0000000000,0.0000073068,50.0000000000,100.0000000000,0.1000000000,10.0000000000,50.0000000000
68.0000000000,79.0000000000,0.0000096723,50.0000000000,100.0000000000,0.1000000000,10.0000000000,50.0000000000
68.0000000000,80.0000000000,0.0000121512,50.0000000000,100.0000000000,0.1000000000,10.0000000000,50.0000000000
68.0000000000,81.0000000000,0.0000151610,50.0000000000,100.0000000000,0.1000000000,10.0000000000,50.0000000000
68.0000000000,82.0000000000,0.0000183597,50.0000000000,100.0000000000,0.1000000000,10.0000000000,50.0000000000
68.0000000000,83.0000000000,0.0000227836,50.0000000000,100.0000000000,0.1000000000,10.0000000000,50.0000000000
68.0000000000,84.0000000000,0.0000276480,50.0000000000,100.0000000000,0.1000000000,10.0000000000,50.0000000000
68.0000000000,85.0000000000,0.0000331352,50.0000000000,100.0000000000,0.1000000000,10.0000000000,50.0000000000
68.0000000000,86.0000000000,0.0000392005,50.0000000000,100.0000000000,0.1000000000,10.0000000000,50.0000000000
68.0000000000,87.0000000000,0.0000447033,50.0000000000,100.0000000000,0.1000000000,10.0000000000,50.0000000000
68.0000000000,88.0000000000,0.0000513726,50.0000000000,100.0000000000,0.1000000000,10.0000000000,50.0000000000
68.0000000000,89.0000000000,0.0000575332,50.0000000000,100.0000000000,0.1000000000,10.0000000000,50.0000000000
68.0000000000,90.0000000000,0.0000640313,50.0000000000,100.0000000000,0.1000000000,10.0000000000,50.0000000000
68.0000000000,91.0000000000,0.0000713652,50.0000000000,100.0000000000,0.1000000000,10.0000000000,50.0000000000
68.0000000000,92.0000000000,0.0000773951,50.0000000000,100.0000000000,0.1000000000,10.0000000000,50.0000000000
68.0000000000,93.0000000000,0.0000844309,50.0000000000,100.0000000000,0.1000000000,10.0000000000,50.0000000000
68.0000000000,94.0000000000,0.0000908898,50.0000000000,100.0000000000,0.1000000000,10.0000000000,50.0000000000
68.0000000000,95.0000000000,0.0000947554,50.0000000000,100.0000000000,0.1000000000,10.0000000000,50.0000000000
68.0000000000,96.0000000000,0.0000992751,50.0000000000,100.0000000000,0.1000000000,10.0000000000,50.0000000000
68.0000000000,97.0000000000,0.0001022611,50.0000000000,100.0000000000,0.1000000000,10.0000000000,50.0000000000
68.0000000000,98.0000000000,0.0001047116,50.0000000000,100.0000000000,0.1000000000,10.0000000000,50.0000000000
68.0000000000,99.0000000000,0.0001060717,50.0000000000,100.0000000000,0.1000000000,10.0000000000,50.0000000000
68.0000000000,100.0000000000,0.0001068728,50.0000000000,100.0000000000,0.1000000000,10.0000000000,50.0000000000
68.0000000000,101.0000000000,0.0001054269,50.0000000000,100.0000000000,0.1000000000,10.0000000000,50.0000000000
68.0000000000,102.0000000000,0.0001039802,50.0000000000,100.0000000000,0.1000000000,10.0000000000,50.0000000000
68.0000000000,103.0000000000,0.0001011755,50.0000000000,100.0000000000,0.1000000000,10.0000000000,50.0000000000
68.0000000000,104.0000000000,0.0000983020,50.0000000000,100.0000000000,0.1000000000,10.0000000000,50.0000000000
68.0000000000,105.0000000000,0.0000941265,50.0000000000,100.0000000000,0.1000000000,10.0000000000,50.0000000000
68.0000000000,106.0000000000,0.0000881058,50.0000000000,100.0000000000,0.1000000000,10.0000000000,50.0000000000
68.0000000000,107.0000000000,0.0000825818,50.0000000000,100.0000000000,0.1000000000,10.0000000000,50.0000000000
68.0000000000,108.0000000000,0.0000764091,50.0000000000,100.0000000000,0.1000000000,10.0000000000,50.0000000000
68.0000000000,109.0000000000,0.0000699208,50.0000000000,100.0000000000,0.1000000000,10.0000000000,50.0000000000
68.0000000000,110.0000000000,0.0000626407,50.0000000000,100.0000000000,0.1000000000,10.0000000000,50.0000000000
68.0000000000,111.0000000000,0.0000571002,50.0000000000,100.0000000000,0.1000000000,10.0000000000,50.0000000000
68.0000000000,112.0000000000,0.0000507631,50.0000000000,100.0000000000,0.1000000000,10.0000000000,50.0000000000
68.0000000000,113.0000000000,0.0000449973,50.0000000000,100.0000000000,0.1000000000,10.0000000000,50.0000000000
68.0000000000,114.0000000000,0.0000392910,50.0000000000,100.0000000000,0.1000000000,10.0000000000,50.0000000000
68.0000000000,115.0000000000,0.0000356767,50.0000000000,100.0000000000,0.1000000000,10.0000000000,50.0000000000
68.0000000000,116.0000000000,0.0000299655,50.0000000000,100.0000000000,0.1000000000,10.0000000000,50.0000000000
68.0000000000,117.0000000000,0.0000254918,50.0000000000,100.0000000000,0.1000000000,10.0000000000,50.0000000000
68.0000000000,118.0000000000,0.0000219206,50.0000000000,100.0000000000,0.1000000000,10.0000000000,50.0000000000
68.0000000000,119.0000000000,0.0000184203,50.0000000000,100.0000000000,0.1000000000,10.0000000000,50.0000000000
68.0000000000,120.0000000000,0.0000151909,50.0000000000,100.0000000000,0.1000000000,10.0000000000,50.0000000000
68.0000000000,121.0000000000,0.0000121432,50.0000000000,100.0000000000,0.1000000000,10.0000000000,50.0000000000
68.0000000000,122.0000000000,0.0000102079,50.0000000000,100.0000000000,0.1000000000,10.0000000000,50.0000000000
68.0000000000,123.0000000000,0.0000084785,50.0000000000,100.0000000000,0.1000000000,10.0000000000,50.0000000000
68.0000000000,124.0000000000,0.0000066125,50.0000000000,100.0000000000,0.1000000000,10.0000000000,50.0000000000
68.0000000000,125.0000000000,0.0000056339,50.0000000000,100.0000000000,0.1000000000,10.0000000000,50.0000000000
68.0000000000,126.0000000000,0.0000042741,50.0000000000,100.0000000000,0.1000000000,10.0000000000,50.0000000000
68.0000000000,127.0000000000,0.0000031194,50.0000000000,100.0000000000,0.1000000000,10.0000000000,50.0000000000
68.0000000000,128.0000000000,0.0000024287,50.0000000000,100.0000000000,0.1000000000,10.0000000000,50.0000000000
68.0000000000,129.0000000000,0.0000017815,50.0000000000,100.0000000000,0.1000000000,10.0000000000,50.0000000000
68.0000000000,130.0000000000,0.0000013166,50.0000000000,100.0000000000,0.1000000000,10.0000000000,50.0000000000
68.0000000000,131.0000000000,0.0000009484,50.0000000000,100.0000000000,0.1000000000,10.0000000000,50.0000000000
68.0000000000,132.0000000000,0.0000009358,50.0000000000,100.0000000000,0.1000000000,10.0000000000,50.0000000000
68.0000000000,133.0000000000,0.0000006455,50.0000000000,100.0000000000,0.1000000000,10.0000000000,50.0000000000
68.0000000000,134.0000000000,0.0000005715,50.0000000000,100.0000000000,0.1000000000,10.0000000000,50.0000000000
68.0000000000,135.0000000000,0.0000003235,50.0000000000,100.0000000000,0.1000000000,10.0000000000,50.0000000000
68.0000000000,136.0000000000,0.0000001988,50.0000000000,100.0000000000,0.1000000000,10.0000000000,50.0000000000
68.0000000000,137.0000000000,0.0000001921,50.0000000000,100.0000000000,0.1000000000,10.0000000000,50.0000000000
68.0000000000,138.0000000000,0.0000001174,50.0000000000,100.0000000000,0.1000000000,10.0000000000,50.0000000000
68.0000000000,139.0000000000,0.0000000792,50.0000000000,100.0000000000,0.1000000000,10.0000000000,50.0000000000
68.0000000000,140.0000000000,0.0000000740,50.0000000000,100.0000000000,0.1000000000,10.0000000000,50.0000000000
68.0000000000,141.0000000000,0.0000000460,50.0000000000,100.0000000000,0.1000000000,10.0000000000,50.0000000000
68.0000000000,142.0000000000,0.0000000271,50.0000000000,100.0000000000,0.1000000000,10.0000000000,50.0000000000
68.0000000000,143.0000000000,0.0000000577,50.0000000000,100.0000000000,0.1000000000,10.0000000000,50.0000000000
68.0000000000,144.0000000000,0.0000000172,50.0000000000,100.0000000000,0.1000000000,10.0000000000,50.0000000000
68.0000000000,145.0000000000,0.0000000026,50.0000000000,100.0000000000,0.1000000000,10.0000000000,50.0000000000
68.0000000000,148.0000000000,0.0000000007,50.0000000000,100.0000000000,0.1000000000,10.0000000000,50.0000000000
69.0000000000,58.0000000000,0.0000000033,50.0000000000,100.0000000000,0.1000000000,10.0000000000,50.0000000000
69.0000000000,61.0000000000,0.0000000050,50.0000000000,100.0000000000,0.1000000000,10.0000000000,50.0000000000
69.0000000000,62.0000000000,0.0000000118,50.0000000000,100.0000000000,0.1000000000,10.0000000000,50.0000000000
69.0000000000,63.0000000000,0.0000000074,50.0000000000,100.0000000000,0.1000000000,10.0000000000,50.0000000000
69.0000000000,64.0000000000,0.0000000383,50.0000000000,100.0000000000,0.1000000000,10.0000000000,50.0000000000
69.0000000000,65.0000000000,0.0000000407,50.0000000000,100.0000000000,0.1000000000,10.0000000000,50.0000000000
69.0000000000,66.0000000000,0.0000000806,50.0000000000,100.0000000000,0.1000000000,10.0000000000,50.0000000000
69.0000000000,67.0000000000,0.0000000817,50.0000000000,100.0000000000,0.1000000000,10.0000000000,50.0000000000
69.0000000000,68.0000000000,0.0000001049,50.0000000000,100.0000000000,0.1000000000,10.0000000000,50.0000000000
69.0000000000,69.0000000000,0.0000002166,50.0000000000,100.0000000000,0.1000000000,10.0000000000,50.0000000000
69.0000000000,70.0000000000,0.0000003657,50.0000000000,100.0000000000,0.1000000000,10.0000000000,50.0000000000
69.0000000000,71.0000000000,0.0000005843,50.0000000000,100.0000000000,0.1000000000,10.0000000000,50.0000000000
69.0000000000,72.0000000000,0.0000009990,50.0000000000,100.0000000000,0.1000000000,10.0000000000,50.0000000000
69.0000000000,73.0000000000,0.0000013247,50.0000000000,100.0000000000,0.1000000000,10.0000000000,50.0000000000
69.0000000000,74.0000000000,0.0000015574,50.0000000000,100.0000000000,0.1000000000,10.0000000000,50.0000000000
69.0000000000,75.0000000000,0.0000022128,50.0000000000,100.0000000000,0.1000000000,10.0000000000,50.0000000000
69.0000000000,76.0000000000,0.0000028465,50.0000000000,100.0000000000,0.1000000000,10.0000000000,50.0000000000
69.0000000000,77.0000000000,0.0000038408,50.0000000000,100.0000000000,0.1000000000,10.0000000000,50.0000000000
69.0000000000,78.0000000000,0.0000053083,50.0000000000,100.0000000000,0.1000000000,10.0000000000,50.0000000000
69.0000000000,79.0000000000,0.0000070275,50.0000000000,100.0000000000,0.1000000000,10.0000000000,50.0000000000
69.0000000000,80.0000000000,0.0000085734,50.0000000000,100.0000000000,0.1000000000,10.0000000000,50.0000000000
69.0000000000,81.0000000000,0.0000113974,50.0000000000,100.0000000000,0.1000000000,10.0000000000,50.0000000000
69.0000000000,82.0000000000,0.0000134917,50.0000000000,100.0000000000,0.1000000000,10.0000000000,50.0000000000
69.0000000000,83.0000000000,0.0000160895,50.0000000000,100.0000000000,0.1000000000,10.0000000000,50.0000000000
69.0000000000,84.0000000000,0.0000196295,50.0000000000,100.0000000000,0.1000000000,10.0000000000,50.0000000000
69.0000000000,85.0000000000,0.0000235644,50.0000000000,100.0000000000,0.1000000000,10.0000000000,50.0000000000
69.0000000000,86.0000000000,0.0000273334,50.0000000000,100.0000000000,0.1000000000,10.0000000000,50.0000000000
69.0000000000,87.0000000000,0.0000320623,50.0000000000,100.0000000000,0.1000000000,10.0000000000,50.0000000000
69.0000000000,88.0000000000,0.0000368925,50.0000000000,100.0000000000,0.1000000000,10.0000000000,50.0000000000
69.0000000000,89.0000000000,0.0000419008,50.0000000000,100.0000000000,0.1000000000,10.0000000000,50.0000000000
69.0000000000,90.0000000000,0.0000461519,50.0000000000,100.0000000000,0.1000000000,10.0000000000,50.0000000000
69.0000000000,91.0000000000,0.0000514026,50.0000000000,100.0000000000,0.1000000000,10.0000000000,50.0000000000
69.0000000000,92.0000000000,0.0000558615,50.0000000000,100.0000000000,0.1000000000,10.0000000000,50.0000000000
69.0000000000,93.0000000000,0.0000606950,50.0000000000,100.0000000000,0.1000000000,10.0000000000,50.0000000000
69.0000000000,94.0000000000,0.0000661151,50.0000000000,100.0000000000,0.1000000000,10.0000000000,50.0000000000
69.0000000000,95.0000000000,0.0000692377,50.0000000000,100.0000000000,0.1000000000,10.0000000000,50.0000000000
69.0000000000,96.0000000000,0.0000722657,50.0000000000,100.0000000000,0.1000000000,10.0000000000,50.0000000000
69.0000000000,97.0000000000,0.0000742531,50.0000000000,100.0000000000,0.1000000000,10.0000000000,50.0000000000
69.0000000000,98.0000000000,0.0000742395,50.0000000000,100.0000000000,0.1000000000,10.0000000000,50.0000000000
69.0000000000,99.0000000000,0.0000769812,50.0000000000,100.0000000000,0.1000000000,10.0000000000,50.0000000000
69.0000000000,100.0000000000,0.0000773622,50.0000000000,100.0000000000,0.1000000000,10.0000000000,50.0000000000
69.0000000000,101.0000000000,0.0000763181,50.0000000000,100.0000000000,0.1000000000,10.0000000000,50.0000000000
69.0000000000,102.0000000000,0.0000755321,50.0000000000,100.0000000000,0.1000000000,10.0000000000,50.0000000000
69.0000000000,103.0000000000,0.0000745990,50.0000000000,100.0000000000,0.1000000000,10.0000000000,50.0000000000
69.0000000000,104.0000000000,0.0000713358,50.0000000000,100.0000000000,0.1000000000,10.0000000000,50.0000000000
69.0000000000,105.0000000000,0.0000688509,50.0000000000,100.0000000000,0.1000000000,10.0000000000,50.0000000000
69.0000000000,106.0000000000,0.0000638323,50.0000000000,100.0000000000,0.1000000000,10.0000000000,50.0000000000
69.0000000000,107.0000000000,0.0000600083,50.0000000000,100.0000000000,0.1000000000,10.0000000000,50.0000000000
69.0000000000,108.0000000000,0.0000562442,50.0000000000,100.0000000000,0.1000000000,10.0000000000,50.0000000000
69.0000000000,109.0000000000,0.0000504489,50.0000000000,100.0000000000,0.1000000000,10.0000000000,50.0000000000
69.0000000000,110.0000000000,0.0000450699,50.0000000000,100.0000000000,0.1000000000,10.0000000000,50.0000000000
69.0000000000,111.0000000000,0.0000408772,50.0000000000,100.0000000000,0.1000000000,10.0000000000,50.0000000000
69.0000000000,112.0000000000,0.0000364299,50.0000000000,100.0000000000,0.1000000000,10.0000000000,50.0000000000
69.0000000000,113.0000000000,0.0000324645,50.0000000000,100.0000000000,0.1000000000,10.0000000000,50.0000000000
69.0000000000,114.0000000000,0.0000287170,50.0000000000,100.0000000000,0.1000000000,10.0000000000,50.0000000000
69.0000000000,115.0000000000,0.0000253813,50.0000000000,100.0000000000,0.1000000000,10.0000000000,50.0000000000
69.0000000000,116.0000000000,0.0000216220,50.0000000000,100.0000000000,0.1000000000,10.0000000000,50.0000000000
69.0000000000,117.0000000000,0.0000181745,50.0000000000,100.0000000000,0.1000000000,10.0000000000,50.0000000000
69.0000000000,118.0000000000,0.0000158335,50.0000000000,100.0000000000,0.1000000000,10.0000000000,50.0000000000
69.0000000000,119.0000000000,0.0000133124,50.0000000000,100.0000000000,0.1000000000,10.0000000000,50.0000000000
69.0000000000,120.0000000000,0.0000111741,50.0000000000,100.0000000000,0.1000000000,10.0000000000,50.0000000000
69.0000000000,121.0000000000,0.0000087321,50.0000000000,100.0000000000,0.1000000000,10.0000000000,50.0000000000
69.0000000000,122.0000000000,0.0000073997,50.0000000000,100.0000000000,0.1000000000,10.0000000000,50.0000000000
69.0000000000,123.0000000000,0.0000059876,50.0000000000,100.0000000000,0.1000000000,10.0000000000,50.0000000000
69.0000000000,124.0000000000,0.0000044118,50.0000000000,100.0000000000,0.1000000000,10.0000000000,50.0000000000
69.0000000000,125.0000000000,0.0000038478,50.0000000000,100.0000000000,0.1000000000,10.0000000000,50.0000000000
69.0000000000,126.0000000000,0.0000030812,50.0000000000,100.0000000000,0.1000000000,10.0000000000,50.0000000000
69.0000000000,127.0000000000,0.0000023198,50.0000000000,100.0000000000,0.1000000000,10.0000000000,50.0000000000
69.0000000000,128.0000000000,0.0000016806,50.0000000000,100.0000000000,0.1000000000,10.0000000000,50.0000000000
69.0000000000,129.0000000000,0.0000012976,50.0000000000,100.0000000000,0.1000000000,10.0000000000,50.0000000000
69.0000000000,130.0000000000,0.0000010401,50.0000000000,100.0000000000,0.1000000000,10.0000000000,50.0000000000
69.0000000000,131.0000000000,0.0000007410,50.0000000000,100.0000000000,0.1000000000,10.0000000000,50.0000000000
69.0000000000,132.0000000000,0.0000006465,50.0000000000,100.0000000000,0.1000000000,10.0000000000,50.0000000000
69.0000000000,133.0000000000,0.0000004486,50.0000000000,100.0000000000,0.1000000000,10.0000000000,50.0000000000
69.0000000000,134.0000000000,0.0000004445,50.0000000000,100.0000000000,0.1000000000,10.0000000000,50.0000000000
69.0000000000,135.0000000000,0.0000002428,50.0000000000,100.0000000000,0.1000000000,10.0000000000,50.0000000000
69.0000000000,136.0000000000,0.0000001334,50.0000000000,100.0000000000,0.1000000000,10.0000000000,50.0000000000
69.0000000000,137.0000000000,0.0000000921,50.0000000000,100.0000000000,0.1000000000,10.0000000000,50.0000000000
69.0000000000,138.0000000000,0.0000001034,50.0000000000,100.0000000000,0.1000000000,10.0000000000,50.0000000000
69.0000000000,139.0000000000,0.0000000669,50.0000000000,100.0000000000,0.1000000000,10.0000000000,50.0000000000
69.0000000000,140.0000000000,0.0000000647,50.0000000000,100.0000000000,0.1000000000,10.0000000000,50.0000000000
69.0000000000,141.0000000000,0.0000000584,50.0000000000,100.0000000000,0.1000000000,10.0000000000,50.0000000000
69.0000000000,142.0000000000,0.0000000240,50.0000000000,100.0000000000,0.1000000000,10.0000000000,50.0000000000
69.0000000000,143.0000000000,0.0000000462,50.0000000000,100.0000000000,0.1000000000,10.0000000000,50.0000000000
69.0000000000,144.0000000000,0.0000000128,50.0000000000,100.0000000000,0.1000000000,10.0000000000,50.0000000000
69.0000000000,145.0000000000,0.0000000007,50.0000000000,100.0000000000,0.1000000000,10.0000000000,50.0000000000
70.0000000000,58.0000000000,0.0000000020,50.0000000000,100.0000000000,0.1000000000,10.0000000000,50.0000000000
70.0000000000,59.0000000000,0.0000000073,50.0000000000,100.0000000000,0.1000000000,10.0000000000,50.0000000000
70.0000000000,60.0000000000,0.0000000006,50.0000000000,100.0000000000,0.1000000000,10.0000000000,50.0000000000
70.0000000000,61.0000000000,0.0000000116,50.0000000000,100.0000000000,0.1000000000,10.0000000000,50.0000000000
70.0000000000,62.0000000000,0.0000000137,50.0000000000,100.0000000000,0.1000000000,10.0000000000,50.0000000000
70.0000000000,63.0000000000,0.0000000161,50.0000000000,100.0000000000,0.1000000000,10.0000000000,50.0000000000
70.0000000000,64.0000000000,0.0000000042,50.0000000000,100.0000000000,0.1000000000,10.0000000000,50.0000000000
70.0000000000,65.0000000000,0.0000000280,50.0000000000,100.0000000000,0.1000000000,10.0000000000,50.0000000000
70.0000000000,66.0000000000,0.0000000588,50.0000000000,100.0000000000,0.1000000000,10.0000000000,50.0000000000
70.0000000000,67.0000000000,0.0000000361,50.0000000000,100.0000000000,0.1000000000,10.0000000000,50.0000000000
70.0000000000,68.0000000000,0.0000001036,50.0000000000,100.0000000000,0.1000000000,10.0000000000,50.0000000000
70.0000000000,69.0000000000,0.0000001271,50.0000000000,100.0000000000,0.1000000000,10.0000000000,50.0000000000
70.0000000000,70.0000000000,0.0000002656,50.0000000000,100.0000000000,0.1000000000,10.0000000000,50.0000000000
70.0000000000,71.0000000000,0.0000004514,50.0000000000,100.0000000000,0.1000000000,10.0000000000,50.0000000000
70.0000000000,72.0000000000,0.0000006241,50.0000000000,100.0000000000,0.1000000000,10.0000000000,50.0000000000
70.0000000000,73.0000000000,0.0000008064,50.0000000000,100.0000000000,0.1000000000,10.0000000000,50.0000000000
70.0000000000,74.0000000000,0.0000012682,50.0000000000,100.0000000000,0.1000000000,10.0000000000,50.0000000000
70.0000000000,75.0000000000,0.0000015578,50.0000000000,100.0000000000,0.1000000000,10.0000000000,50.0000000000
70.0000000000,76.0000000000,0.0000022821,50.0000000000,100.0000000000,0.1000000000,10.0000000000,50.0000000000
70.0000000000,77.0000000000,0.0000027556,50.0000000000,100.0000000000,0.1000000000,10.0000000000,50.0000000000
70.0000000000,78.0000000000,0.0000035577,50.0000000000,100.0000000000,0.1000000000,10.0000000000,50.0000000000
70.0000000000,79.0000000000,0.0000051261,50.0000000000,100.0000000000,0.1000000000,10.0000000000,50.0000000000
70.0000000000,80.0000000000,0.0000060238,50.0000000000,100.0000000000,0.1000000000,10.0000000000,50.0000000000
70.0000000000,81.0000000000,0.0000076973,50.0000000000,100.0000000000,0.1000000000,10.0000000000,50.0000000000
70.0000000000,82.0000000000,0.0000094299,50.0000000000,100.0000000000,0.1000000000,10.0000000000,50.0000000000
70.0000000000,83.0000000000,0.0000115023,50.0000000000,100.0000000000,0.1000000000,10.0000000000,50.0000000000
70.0000000000,84.0000000000,0.0000142009,50.0000000000,100.0000000000,0.1000000000,10.0000000000,50.0000000000
70.0000000000,85.0000000000,0.0000168200,50.0000000000,100.0000000000,0.1000000000,10.0000000000,50.0000000000
70.0000000000,86.0000000000,0.0000195150,50.0000000000,100.0000000000,0.1000000000,10.0000000000,50.0000000000
70.0000000000,87.0000000000,0.0000224933,50.0000000000,100.0000000000,0.1000000000,10.0000000000,50.0000000000
70.0000000000,88.0000000000,0.0000265674,50.0000000000,100.0000000000,0.1000000000,10.0000000000,50.0000000000
70.0000000000,89.0000000000,0.0000299512,50.0000000000,100.0000000000,0.1000000000,10.0000000000,50.0000000000
70.0000000000,90.0000000000,0.0000330345,50.0000000000,100.0000000000,0.1000000000,10.0000000000,50.0000000000
70.0000000000,91.0000000000,0.0000365684,50.0000000000,100.0000000000,0.1000000000,10.0000000000,50.0000000000
70.0000000000,92.0000000000,0.0000397983,50.0000000000,100.0000000000,0.1000000000,10.0000000000,50.0000000000
70.0000000000,93.0000000000,0.0000438575,50.0000000000,100.0000000000,0.1000000000,10.0000000000,50.0000000000
70.0000000000,94.0000000000,0.0000467614,50.0000000000,100.0000000000,0.1000000000,10.0000000000,50.0000000000
70.0000000000,95.0000000000,0.0000490960,50.0000000000,100.0000000000,0.1000000000,10.0000000000,50.0000000000
70.0000000000,96.0000000000,0.0000519853,50.0000000000,100.0000000000,0.1000000000,10.0000000000,50.0000000000
70.0000000000,97.0000000000,0.0000531824,50.0000000000,100.0000000000,0.1000000000,10.0000000000,50.0000000000
70.0000000000,98.0000000000,0.0000537677,50.0000000000,100.0000000000,0.1000000000,10.0000000000,50.0000000000
70.0000000000,99.0000000000,0.0000546947,50.0000000000,100.0000000000,0.1000000000,10.0000000000,50.0000000000
70.0000000000,100.0000000000,0.0000554856,50.0000000000,100.0000000000,0.1000000000,10.0000000000,50.0000000000
70.0000000000,101.0000000000,0.0000551690,50.0000000000,100.0000000000,0.1000000000,10.0000000000,50.0000000000
70.0000000000,102.0000000000,0.0000537557,50.0000000000,100.0000000000,0.1000000000,10.0000000000,50.0000000000
70.0000000000,103.0000000000,0.0000529573,50.0000000000,100.0000000000,0.1000000000,10.0000000000,50.0000000000
70.0000000000,104.0000000000,0.0000510404,50.0000000000,100.0000000000,0.1000000000,10.0000000000,50.0000000000
70.0000000000,105.0000000000,0.0000493903,50.0000000000,100.0000000000,0.1000000000,10.0000000000,50.0000000000
70.0000000000,106.0000000000,0.0000458461,50.0000000000,100.0000000000,0.1000000000,10.0000000000,50.0000000000
70.0000000000,107.0000000000,0.0000429779,50.0000000000,100.0000000000,0.1000000000,10.0000000000,50.0000000000
70.0000000000,108.0000000000,0.0000396840,50.0000000000,100.0000000000,0.1000000000,10.0000000000,50.0000000000
70.0000000000,109.0000000000,0.0000358781,50.0000000000,100.0000000000,0.1000000000,10.0000000000,50.0000000000
70.0000000000,110.0000000000,0.0000318978,50.0000000000,100.0000000000,0.1000000000,10.0000000000,50.0000000000
70.0000000000,111.0000000000,0.0000289385,50.0000000000,100.0000000000,0.1000000000,10.0000000000,50.0000000000
70.0000000000,112.0000000000,0.0000258086,50.0000000000,100.0000000000,0.1000000000,10.0000000000,50.0000000000
70.0000000000,113.0000000000,0.0000238621,50.0000000000,100.0000000000,0.1000000000,10.0000000000,50.0000000000
70.0000000000,114.0000000000,0.0000208185,50.0000000000,100.0000000000,0.1000000000,10.0000000000,50.0000000000
70.0000000000,115.0000000000,0.0000179822,50.0000000000,100.0000000000,0.1000000000,10.0000000000,50.0000000000
70.0000000000,116.0000000000,0.0000155871,50.0000000000,100.0000000000,0.1000000000,10.0000000000,50.0000000000
70.0000000000,117.0000000000,0.0000133063,50.0000000000,100.0000000000,0.1000000000,10.0000000000,50.0000000000
70.0000000000,118.0000000000,0.0000112635,50.0000000000,100.0000000000,0.1000000000,10.0000000000,50.0000000000
70.0000000000,119.0000000000,0.0000093709,50.0000000000,100.0000000000,0.1000000000,10.0000000000,50.0000000000
70.0000000000,120.0000000000,0.0000080319,50.0000000000,100.0000000000,0.1000000000,10.0000000000,50.0000000000
70.0000000000,121.0000000000,0.0000062658,50.0000000000,100.0000000000,0.1000000000,10.0000000000,50.0000000000
70.0000000000,122.0000000000,0.0000052481,50.0000000000,100.0000000000,0.1000000000,10.0000000000,50.0000000000
70.0000000000,123.0000000000,0.0000039683,50.0000000000,100.0000000000,0.1000000000,10.0000000000,50.0000000000
70.0000000000,124.0000000000,0.0000034078,50.0000000000,100.0000000000,0.1000000000,10.0000000000,50.0000000000
70.0000000000,125.0000000000,0.0000025890,50.0000000000,100.0000000000,0.1000000000,10.0000000000,50.0000000000
70.0000000000,126.0000000000,0.0000020634,50.0000000000,100.0000000000,0.1000000000,10.0000000000,50.0000000000
70.0000000000,127.0000000000,0.0000017258,50.0000000000,100.0000000000,0.1000000000,10.0000000000,50.0000000000
70.0000000000,128.0000000000,0.0000012363,50.0000000000,100.0000000000,0.1000000000,10.0000000000,50.0000000000
70.0000000000,129.0000000000,0.0000009422,50.0000000000,100.0000000000,0.1000000000,10.0000000000,50.0000000000
70.0000000000,130.0000000000,0.0000007061,50.0000000000,100.0000000000,0.1000000000,10.0000000000,50.0000000000
70.0000000000,131.0000000000,0.0000005064,50.0000000000,100.0000000000,0.1000000000,10.0000000000,50.0000000000
70.0000000000,132.0000000000,0.0000003928,50.0000000000,100.0000000000,0.1000000000,10.0000000000,50.0000000000
70.0000000000,133.0000000000,0.0000002649,50.0000000000,100.0000000000,0.1000000000,10.0000000000,50.0000000000
70.0000000000,134.0000000000,0.0000002639,50.0000000000,100.0000000000,0.1000000000,10.0000000000,50.0000000000
70.0000000000,135.0000000000,0.0000001700,50.0000000000,100.0000000000,0.1000000000,10.0000000000,50.0000000000
70.0000000000,136.0000000000,0.0000000984,50.0000000000,100.0000000000,0.1000000000,10.0000000000,50.0000000000
70.0000000000,137.0000000000,0.0000000530,50.0000000000,100.0000000000,0.1000000000,10.0000000000,50.0000000000
70.0000000000,138.0000000000,0.0000000860,50.0000000000,100.0000000000,0.1000000000,10.0000000000,50.0000000000
70.0000000000,139.0000000000,0.0000000518,50.0000000000,100.0000000000,0.1000000000,10.0000000000,50.0000000000
70.0000000000,140.0000000000,0.0000000492,50.0000000000,100.0000000000,0.1000000000,10.0000000000,50.0000000000
70.0000000000,141.0000000000,0.0000000299,50.0000000000,100.0000000000,0.1000000000,10.0000000000,50.0000000000
70.0000000000,142.0000000000,0.0000000157,50.0000000000,100.0000000000,0.1000000000,10.0000000000,50.0000000000
70.0000000000,143.0000000000,0.0000000231,50.0000000000,100.0000000000,0.1000000000,10.0000000000,50.0000000000
70.0000000000,144.0000000000,0.0000000066,50.0000000000,100.0000000000,0.1000000000,10.0000000000,50.0000000000
71.0000000000,59.0000000000,0.0000000004,50.0000000000,100.0000000000,0.1000000000,10.0000000000,50.0000000000
71.0000000000,60.0000000000,0.0000000022,50.0000000000,100.0000000000,0.1000000000,10.0000000000,50.0000000000
71.0000000000,61.0000000000,0.0000000047,50.0000000000,100.0000000000,0.1000000000,10.0000000000,50.0000000000
71.0000000000,62.0000000000,0.0000000169,50.0000000000,100.0000000000,0.1000000000,10.0000000000,50.0000000000
71.0000000000,63.0000000000,0.0000000007,50.0000000000,100.0000000000,0.1000000000,10.0000000000,50.0000000000
71.0000000000,64.0000000000,0.0000000042,50.0000000000,100.0000000000,0.1000000000,10.0000000000,50.0000000000
71.0000000000,65.0000000000,0.0000000160,50.0000000000,100.0000000000,0.1000000000,10.0000000000,50.0000000000
71.0000000000,66.0000000000,0.0000000305,50.0000000000,100.0000000000,0.1000000000,10.0000000000,50.0000000000
71.0000000000,67.0000000000,0.0000000397,50.0000000000,100.0000000000,0.1000000000,10.0000000000,50.0000000000
71.0000000000,68.0000000000,0.0000000938,50.0000000000,100.0000000000,0.1000000000,10.0000000000,50.0000000000
71.0000000000,69.0000000000,0.0000000750,50.0000000000,100.0000000000,0.1000000000,10.0000000000,50.0000000000
71.0000000000,70.0000000000,0.0000001345,50.0000000000,100.0000000000,0.1000000000,10.0000000000,50.0000000000
71.0000000000,71.0000000000,0.0000002952,50.0000000000,100.0000000000,0.1000000000,10.0000000000,50.0000000000
71.0000000000,72.0000000000,0.0000004388,50.0000000000,100.0000000000,0.1000000000,10.0000000000,50.0000000000
71.0000000000,73.0000000000,0.0000005902,50.0000000000,100.0000000000,0.1000000000,10.0000000000,50.0000000000
71.0000000000,74.0000000000,0.0000009095,50.0000000000,100.0000000000,0.1000000000,10.0000000000,50.0000000000
71.0000000000,75.0000000000,0.0000011108,50.0000000000,100.0000000000,0.1000000000,10.0000000000,50.0000000000
71.0000000000,76.0000000000,0.0000014421,50.0000000000,100.0000000000,0.1000000000,10.0000000000,50.0000000000
71.0000000000,77.0000000000,0.0000018315,50.0000000000,100.0000000000,0.1000000000,10.0000000000,50.0000000000
71.0000000000,78.0000000000,0.0000024809,50.0000000000,100.0000000000,0.1000000000,10.0000000000,50.0000000000
71.0000000000,79.0000000000,0.0000033037,50.0000000000,100.0000000000,0.1000000000,10.0000000000,50.0000000000
71.0000000000,80.0000000000,0.0000042392,50.0000000000,100.0000000000,0.1000000000,10.0000000000,50.0000000000
71.0000000000,81.0000000000,0.0000054918,50.0000000000,100.0000000000,0.1000000000,10.0000000000,50.0000000000
71.0000000000,82.0000000000,0.0000067094,50.0000000000,100.0000000000,0.1000000000,10.0000000000,50.0000000000
71.0000000000,83.0000000000,0.0000082476,50.0000000000,100.0000000000,0.1000000000,10.0000000000,50.0000000000
71.0000000000,84.0000000000,0.0000097166,50.0000000000,100.0000000000,0.1000000000,10.0000000000,50.0000000000
71.0000000000,85.0000000000,0.0000120265,50.0000000000,100.0000000000,0.1000000000,10.0000000000,50.0000000000
71.0000000000,86.0000000000,0.0000135569,50.0000000000,100.0000000000,0.1000000000,10.0000000000,50.0000000000
71.0000000000,87.0000000000,0.0000159327,50.0000000000,100.0000000000,0.1000000000,10.0000000000,50.0000000000
71.0000000000,88.0000000000,0.0000188102,50.0000000000,100.0000000000,0.1000000000,10.0000000000,50.0000000000
71.0000000000,89.0000000000,0.0000208002,50.0000000000,100.0000000000,0.1000000000,10.0000000000,50.0000000000
71.0000000000,90.0000000000,0.0000231778,50.0000000000,100.0000000000,0.1000000000,10.0000000000,50.0000000000
71.0000000000,91.0000000000,0.0000259019,50.0000000000,100.0000000000,0.1000000000,10.0000000000,50.0000000000
71.0000000000,92.0000000000,0.0000280415,50.0000000000,100.0000000000,0.1000000000,10.0000000000,50.0000000000
71.0000000000,93.0000000000,0.0000314111,50.0000000000,100.0000000000,0.1000000000,10.0000000000,50.0000000000
71.0000000000,94.0000000000,0.0000337933,50.0000000000,100.0000000000,0.1000000000,10.0000000000,50.0000000000
71.0000000000,95.0000000000,0.0000343469,50.0000000000,100.0000000000,0.1000000000,10.0000000000,50.0000000000
71.0000000000,96.0000000000,0.0000367123,50.0000000000,100.0000000000,0.1000000000,10.0000000000,50.0000000000
71.0000000000,97.0000000000,0.0000380772,50.0000000000,100.0000000000,0.1000000000,10.0000000000,50.0000000000
71.0000000000,98.0000000000,0.0000382868,50.0000000000,100.0000000000,0.1000000000,10.0000000000,50.0000000000
71.0000000000,99.0000000000,0.0000383983,50.0000000000,100.0000000000,0.1000000000,10.0000000000,50.0000000000
71.0000000000,100.0000000000,0.0000385253,50.0000000000,100.0000000000,0.1000000000,10.0000000000,50.0000000000
71.0000000000,101.0000000000,0.0000387456,50.0000000000,100.0000000000,0.1000000000,10.0000000000,50.0000000000
71.0000000000,102.0000000000,0.0000376483,50.0000000000,100.0000000000,0.1000000000,10.0000000000,50.0000000000
71.0000000000,103.0000000000,0.0000367576,50.0000000000,100.0000000000,0.1000000000,10.0000000000,50.0000000000
71.0000000000,104.0000000000,0.0000355500,50.0000000000,100.0000000000,0.1000000000,10.0000000000,50.0000000000
71.0000000000,105.0000000000,0.0000338474,50.0000000000,100.0000000000,0.1000000000,10.0000000000,50.0000000000
71.0000000000,106.0000000000,0.0000328524,50.0000000000,100.0000000000,0.1000000000,10.0000000000,50.0000000000
71.0000000000,107.0000000000,0.0000311110,50.0000000000,100.0000000000,0.1000000000,10.0000000000,50.0000000000
71.0000000000,108.0000000000,0.0000278841,50.0000000000,100.0000000000,0.1000000000,10.0000000000,50.0000000000
71.0000000000,109.0000000000,0.0000252834,50.0000000000,100.0000000000,0.1000000000,10.0000000000,50.0000000000
71.0000000000,110.0000000000,0.0000224541,50.0000000000,100.0000000000,0.1000000000,10.0000000000,50.0000000000
71.0000000000,111.0000000000,0.0000207728,50.0000000000,100.0000000000,0.1000000000,10.0000000000,50.0000000000
71.0000000000,112.0000000000,0.0000184828,50.0000000000,100.0000000000,0.1000000000,10.0000000000,50.0000000000
71.0000000000,113.0000000000,0.0000169810,50.0000000000,100.0000000000,0.1000000000,10.0000000000,50.0000000000
71.0000000000,114.0000000000,0.0000148303,50.0000000000,100.0000000000,0.1000000000,10.0000000000,50.0000000000
71.0000000000,115.0000000000,0.0000128092,50.0000000000,100.0000000000,0.1000000000,10.0000000000,50.0000000000
71.0000000000,116.0000000000,0.0000108905,50.0000000000,100.0000000000,0.1000000000,10.0000000000,50.0000000000
71.0000000000,117.0000000000,0.0000096078,50.0000000000,100.0000000000,0.1000000000,10.0000000000,50.0000000000
71.0000000000,118.0000000000,0.0000083839,50.0000000000,100.0000000000,0.1000000000,10.0000000000,50.0000000000
71.0000000000,119.0000000000,0.0000067804,50.0000000000,100.0000000000,0.1000000000,10.0000000000,50.0000000000
71.0000000000,120.0000000000,0.0000060292,50.0000000000,100.0000000000,0.1000000000,10.0000000000,50.0000000000
71.0000000000,121.0000000000,0.0000046967,50.0000000000,100.0000000000,0.1000000000,10.0000000000,50.0000000000
71.0000000000,122.0000000000,0.0000037286,50.0000000000,100.0000000000,0.1000000000,10.0000000000,50.0000000000
71.0000000000,123.0000000000,0.0000029194,50.0000000000,100.0000000000,0.1000000000,10.0000000000,50.0000000000
71.0000000000,124.0000000000,0.0000023354,50.0000000000,100.0000000000,0.1000000000,10.0000000000,50.0000000000
71.0000000000,125.0000000000,0.0000018011,50.0000000000,100.0000000000,0.1000000000,10.0000000000,50.0000000000
71.0000000000,126.0000000000,0.0000014604,50.0000000000,100.0000000000,0.1000000000,10.0000000000,50.0000000000
71.0000000000,127.0000000000,0.0000011049,50.0000000000,100.0000000000,0.1000000000,10.0000000000,50.0000000000
71.0000000000,128.0000000000,0.0000007572,50.0000000000,100.0000000000,0.1000000000,10.0000000000,50.0000000000
71.0000000000,129.0000000000,0.0000006535,50.0000000000,100.0000000000,0.1000000000,10.0000000000,50.0000000000
71.0000000000,130.0000000000,0.0000004426,50.0000000000,100.0000000000,0.1000000000,10.0000000000,50.0000000000
71.0000000000,131.0000000000,0.0000004035,50.0000000000,100.0000000000,0.1000000000,10.0000000000,50.0000000000
71.0000000000,132.0000000000,0.0000002560,50.0000000000,100.0000000000,0.1000000000,10.0000000000,50.0000000000
71.0000000000,133.0000000000,0.0000001882,50.0000000000,100.0000000000,0.1000000000,10.0000000000,50.0000000000
71.0000000000,134.0000000000,0.0000001620,50.0000000000,100.0000000000,0.1000000000,10.0000000000,50.0000000000
71.0000000000,135.0000000000,0.0000001007,50.0000000000,100.0000000000,0.1000000000,10.0000000000,50.0000000000
71.0000000000,136.0000000000,0.0000000684,50.0000000000,100.0000000000,0.1000000000,10.0000000000,50.0000000000
71.0000000000,137.0000000000,0.0000000286,50.0000000000,100.0000000000,0.1000000000,10.0000000000,50.0000000000
71.0000000000,138.0000000000,0.0000000408,50.0000000000,100.0000000000,0.1000000000,10.0000000000,50.0000000000
71.0000000000,139.0000000000,0.0000000288,50.0000000000,100.0000000000,0.1000000000,10.0000000000,50.0000000000
71.0000000000,140.0000000000,0.0000000376,50.0000000000,100.0000000000,0.1000000000,10.0000000000,50.0000000000
71.0000000000,141.0000000000,0.0000000187,50.0000000000,100.0000000000,0.1000000000,10.0000000000,50.0000000000
71.0000000000,142.0000000000,0.0000000152,50.0000000000,100.0000000000,0.1000000000,10.0000000000,50.0000000000
71.0000000000,143.0000000000,0.0000000099,50.0000000000,100.0000000000,0.1000000000,10.0000000000,50.0000000000
71.0000000000,144.0000000000,0.0000000063,50.0000000000,100.0000000000,0.1000000000,10.0000000000,50.0000000000
72.0000000000,60.0000000000,0.0000000015,50.0000000000,100.0000000000,0.1000000000,10.0000000000,50.0000000000
72.0000000000,61.0000000000,0.0000000036,50.0000000000,100.0000000000,0.1000000000,10.0000000000,50.0000000000
72.0000000000,62.0000000000,0.0000000046,50.0000000000,100.0000000000,0.1000000000,10.0000000000,50.0000000000
72.0000000000,64.0000000000,0.0000000151,50.0000000000,100.0000000000,0.1000000000,10.0000000000,50.0000000000
72.0000000000,65.0000000000,0.0000000130,50.0000000000,100.0000000000,0.1000000000,10.0000000000,50.0000000000
72.0000000000,66.0000000000,0.0000000152,50.0000000000,100.0000000000,0.1000000000,10.0000000000,50.0000000000
72.0000000000,67.0000000000,0.0000000374,50.0000000000,100.0000000000,0.1000000000,10.0000000000,50.0000000000
72.0000000000,68.0000000000,0.0000000717,50.0000000000,100.0000000000,0.1000000000,10.0000000000,50.0000000000
72.0000000000,69.0000000000,0.0000000853,50.0000000000,100.0000000000,0.1000000000,10.0000000000,50.0000000000
72.0000000000,70.0000000000,0.0000001257,50.0000000000,100.0000000000,0.1000000000,10.0000000000,50.0000000000
72.0000000000,71.0000000000,0.0000002220,50.0000000000,100.0000000000,0.1000000000,10.0000000000,50.0000000000
72.0000000000,72.0000000000,0.0000002343,50.0000000000,100.0000000000,0.1000000000,10.0000000000,50.0000000000
72.0000000000,73.0000000000,0.0000003714,50.0000000000,100.0000000000,0.1000000000,10.0000000000,50.0000000000
72.0000000000,74.0000000000,0.0000005878,50.0000000000,100.0000000000,0.1000000000,10.0000000000,50.0000000000
72.0000000000,75.0000000000,0.0000008425,50.0000000000,100.0000000000,0.1000000000,10.0000000000,50.0000000000
72.0000000000,76.0000000000,0.0000009141,50.0000000000,100.0000000000,0.1000000000,10.0000000000,50.0000000000
72.0000000000,77.0000000000,0.0000012463,50.0000000000,100.0000000000,0.1000000000,10.0000000000,50.0000000000
72.0000000000,78.0000000000,0.0000016149,50.0000000000,100.0000000000,0.1000000000,10.0000000000,50.0000000000
72.0000000000,79.0000000000,0.0000024442,50.0000000000,100.0000000000,0.1000000000,10.0000000000,50.0000000000
72.0000000000,80.0000000000,0.0000030118,50.0000000000,100.0000000000,0.1000000000,10.0000000000,50.0000000000
72.0000000000,81.0000000000,0.0000039313,50.0000000000,100.0000000000,0.1000000000,10.0000000000,50.0000000000
72.0000000000,82.0000000000,0.0000045272,50.0000000000,100.0000000000,0.1000000000,10.0000000000,50.0000000000
72.0000000000,83.0000000000,0.0000054862,50.0000000000,100.0000000000,0.1000000000,10.0000000000,50.0000000000
72.0000000000,84.0000000000,0.0000068114,50.0000000000,100.0000000000,0.1000000000,10.0000000000,50.0000000000
72.0000000000,85.0000000000,0.0000078930,50.0000000000,100.0000000000,0.1000000000,10.0000000000,50.0000000000
72.0000000000,86.0000000000,0.0000094069,50.0000000000,100.0000000000,0.1000000000,10.0000000000,50.0000000000
72.0000000000,87.0000000000,0.0000113200,50.0000000000,100.0000000000,0.1000000000,10.0000000000,50.0000000000
72.0000000000,88.0000000000,0.0000126173,50.0000000000,100.0000000000,0.1000000000,10.0000000000,50.0000000000
72.0000000000,89.0000000000,0.0000143678,50.0000000000,100.0000000000,0.1000000000,10.0000000000,50.0000000000
72.0000000000,90.0000000000,0.0000157888,50.0000000000,100.0000000000,0.1000000000,10.0000000000,50.0000000000
72.0000000000,91.0000000000,0.0000176059,50.0000000000,100.0000000000,0.1000000000,10.0000000000,50.0000000000
72.0000000000,92.0000000000,0.0000194642,50.0000000000,100.0000000000,0.1000000000,10.0000000000,50.0000000000
72.0000000000,93.0000000000,0.0000220046,50.0000000000,100.0000000000,0.1000000000,10.0000000000,50.0000000000
72.0000000000,94.0000000000,0.0000233214,50.0000000000,100.0000000000,0.1000000000,10.0000000000,50.0000000000
72.0000000000,95.0000000000,0.0000236919,50.0000000000,100.0000000000,0.1000000000,10.0000000000,50.0000000000
72.0000000000,96.0000000000,0.0000253172,50.0000000000,100.0000000000,0.1000000000,10.0000000000,50.0000000000
72.0000000000,97.0000000000,0.0000264335,50.0000000000,100.0000000000,0.1000000000,10.0000000000,50.0000000000
72.0000000000,98.0000000000,0.0000267836,50.0000000000,100.0000000000,0.1000000000,10.0000000000,50.0000000000
72.0000000000,99.0000000000,0.0000265124,50.0000000000,100.0000000000,0.1000000000,10.0000000000,50.0000000000
72.0000000000,100.0000000000,0.0000273397,50.0000000000,100.0000000000,0.1000000000,10.0000000000,50.0000000000
72.0000000000,101.0000000000,0.0000272360,50.0000000000,100.0000000000,0.1000000000,10.0000000000,50.0000000000
72.0000000000,102.0000000000,0.0000257701,50.0000000000,100.0000000000,0.1000000000,10.0000000000,50.0000000000
72.0000000000,103.0000000000,0.0000256716,50.0000000000,100.0000000000,0.1000000000,10.0000000000,50.0000000000
72.0000000000,104.0000000000,0.0000247580,50.0000000000,100.0000000000,0.1000000000,10.0000000000,50.0000000000
72.0000000000,105.0000000000,0.0000238750,50.0000000000,100.0000000000,0.1000000000,10.0000000000,50.0000000000
72.0000000000,106.0000000000,0.0000231325,50.0000000000,100.0000000000,0.1000000000,10.0000000000,50.0000000000
72.0000000000,107.0000000000,0.0000215631,50.0000000000,100.0000000000,0.1000000000,10.0000000000,50.0000000000
72.0000000000,108.0000000000,0.0000196209,50.0000000000,100.0000000000,0.1000000000,10.0000000000,50.0000000000
72.0000000000,109.0000000000,0.0000176707,50.0000000000,100.0000000000,0.1000000000,10.0000000000,50.0000000000
72.0000000000,110.0000000000,0.0000159932,50.0000000000,100.0000000000,0.1000000000,10.0000000000,50.0000000000
72.0000000000,111.0000000000,0.0000148638,50.0000000000,100.0000000000,0.1000000000,10.0000000000,50.0000000000
72.0000000000,112.0000000000,0.0000129967,50.0000000000,100.0000000000,0.1000000000,10.0000000000,50.0000000000
72.0000000000,113.0000000000,0.0000118023,50.0000000000,100.0000000000,0.1000000000,10.0000000000,50.0000000000
72.0000000000,114.0000000000,0.0000100097,50.0000000000,100.0000000000,0.1000000000,10.0000000000,50.0000000000
72.0000000000,115.0000000000,0.0000088486,50.0000000000,100.0000000000,0.1000000000,10.0000000000,50.0000000000
72.0000000000,116.0000000000,0.0000077235,50.0000000000,100.0000000000,0.1000000000,10.0000000000,50.0000000000
72.0000000000,117.0000000000,0.0000064588,50.0000000000,100.0000000000,0.1000000000,10.0000000000,50.0000000000
72.0000000000,118.0000000000,0.0000056201,50.0000000000,100.0000000000,0.1000000000,10.0000000000,50.0000000000
72.0000000000,119.0000000000,0.0000050971,50.0000000000,100.0000000000,0.1000000000,10.0000000000,50.0000000000
72.0000000000,120.0000000000,0.0000041366,50.0000000000,100.0000000000,0.1000000000,10.0000000000,50.0000000000
72.0000000000,121.0000000000,0.0000033097,50.0000000000,100.0000000000,0.1000000000,10.0000000000,50.0000000000
72.0000000000,122.0000000000,0.0000026421,50.0000000000,100.0000000000,0.1000000000,10.0000000000,50.0000000000
72.0000000000,123.0000000000,0.0000018397,50.0000000000,100.0000000000,0.1000000000,10.0000000000,50.0000000000
72.0000000000,124.0000000000,0.0000015839,50.0000000000,100.0000000000,0.1000000000,10.0000000000,50.0000000000
72.0000000000,125.0000000000,0.0000013397,50.0000000000,100.0000000000,0.1000000000,10.0000000000,50.0000000000
72.0000000000,126.0000000000,0.0000011067,50.0000000000,100.0000000000,0.1000000000,10.0000000000,50.0000000000
72.0000000000,127.0000000000,0.0000007775,50.0000000000,100.0000000000,0.1000000000,10.0000000000,50.0000000000
72.0000000000,128.0000000000,0.0000005315,50.0000000000,100.0000000000,0.1000000000,10.0000000000,50.0000000000
72.0000000000,129.0000000000,0.0000003858,50.0000000000,100.0000000000,0.1000000000,10.0000000000,50.0000000000
72.0000000000,130.0000000000,0.0000003358,50.0000000000,100.0000000000,0.1000000000,10.0000000000,50.0000000000
72.0000000000,131.0000000000,0.0000002553,50.0000000000,100.0000000000,0.1000000000,10.0000000000,50.0000000000
72.0000000000,132.0000000000,0.0000002220,50.0000000000,100.0000000000,0.1000000000,10.0000000000,50.0000000000
72.0000000000,133.0000000000,0.0000001515,50.0000000000,100.0000000000,0.1000000000,10.0000000000,50.0000000000
72.0000000000,134.0000000000,0.0000001161,50.0000000000,100.0000000000,0.1000000000,10.0000000000,50.0000000000
72.0000000000,135.0000000000,0.0000000374,50.0000000000,100.0000000000,0.1000000000,10.0000000000,50.0000000000
72.0000000000,136.0000000000,0.0000000276,50.0000000000,100.0000000000,0.1000000000,10.0000000000,50.0000000000
72.0000000000,137.0000000000,0.0000000292,50.0000000000,100.0000000000,0.1000000000,10.0000000000,50.0000000000
72.0000000000,138.0000000000,0.0000000252,50.0000000000,100.0000000000,0.1000000000,10.0000000000,50.0000000000
72.0000000000,139.0000000000,0.0000000237,50.0000000000,100.0000000000,0.1000000000,10.0000000000,50.0000000000
72.0000000000,140.0000000000,0.0000000087,50.0000000000,100.0000000000,0.1000000000,10.0000000000,50.0000000000
72.0000000000,141.0000000000,0.0000000202,50.0000000000,100.0000000000,0.1000000000,10.0000000000,50.0000000000
72.0000000000,142.0000000000,0.0000000249,50.0000000000,100.0000000000,0.1000000000,10.0000000000,50.0000000000
72.0000000000,143.0000000000,0.0000000155,50.0000000000,100.0000000000,0.1000000000,10.0000000000,50.0000000000
72.0000000000,144.0000000000,0.0000000001,50.0000000000,100.0000000000,0.1000000000,10.0000000000,50.0000000000
73.0000000000,61.0000000000,0.0000000042,50.0000000000,100.0000000000,0.1000000000,10.0000000000,50.0000000000
73.0000000000,62.0000000000,0.0000000023,50.0000000000,100.0000000000,0.1000000000,10.0000000000,50.0000000000
73.0000000000,64.0000000000,0.0000000020,50.0000000000,100.0000000000,0.1000000000,10.0000000000,50.0000000000
73.0000000000,65.0000000000,0.0000000063,50.0000000000,100.0000000000,0.1000000000,10.0000000000,50.0000000000
73.0000000000,66.0000000000,0.0000000101,50.0000000000,100.0000000000,0.1000000000,10.0000000000,50.0000000000
73.0000000000,67.0000000000,0.0000000318,50.0000000000,100.0000000000,0.1000000000,10.0000000000,50.0000000000
73.0000000000,68.0000000000,0.0000000475,50.0000000000,100.0000000000,0.1000000000,10.0000000000,50.0000000000
73.0000000000,69.0000000000,0.0000000703,50.0000000000,100.0000000000,0.1000000000,10.0000000000,50.0000000000
73.0000000000,70.0000000000,0.0000000891,50.0000000000,100.0000000000,0.1000000000,10.0000000000,50.0000000000
73.0000000000,71.0000000000,0.0000001466,50.0000000000,100.0000000000,0.1000000000,10.0000000000,50.0000000000
73.0000000000,72.0000000000,0.0000002022,50.0000000000,100.0000000000,0.1000000000,10.0000000000,50.0000000000
73.0000000000,73.0000000000,0.0000002715,50.0000000000,100.0000000000,0.1000000000,10.0000000000,50.0000000000
73.0000000000,74.0000000000,0.0000003166,50.0000000000,100.0000000000,0.1000000000,10.0000000000,50.0000000000
73.0000000000,75.0000000000,0.0000005548,50.0000000000,100.0000000000,0.1000000000,10.0000000000,50.0000000000
73.0000000000,76.0000000000,0.0000006261,50.0000000000,100.0000000000,0.1000000000,10.0000000000,50.0000000000
73.0000000000,77.0000000000,0.0000008161,50.0000000000,100.0000000000,0.1000000000,10.0000000000,50.0000000000
73.0000000000,78.0000000000,0.0000011309,50.0000000000,100.0000000000,0.1000000000,10.0000000000,50.0000000000
73.0000000000,79.0000000000,0.0000015354,50.0000000000,100.0000000000,0.1000000000,10.0000000000,50.0000000000
73.0000000000,80.0000000000,0.0000019704,50.0000000000,100.0000000000,0.1000000000,10.0000000000,50.0000000000
73.0000000000,81.0000000000,0.0000027181,50.0000000000,100.0000000000,0.1000000000,10.0000000000,50.0000000000
73.0000000000,82.0000000000,0.0000032207,50.0000000000,100.0000000000,0.1000000000,10.0000000000,50.0000000000
73.0000000000,83.0000000000,0.0000036318,50.0000000000,100.0000000000,0.1000000000,10.0000000000,50.0000000000
73.0000000000,84.0000000000,0.0000046994,50.0000000000,100.0000000000,0.1000000000,10.0000000000,50.0000000000
73.0000000000,85.0000000000,0.0000053488,50.0000000000,100.0000000000,0.1000000000,10.0000000000,50.0000000000
73.0000000000,86.0000000000,0.0000066393,50.0000000000,100.0000000000,0.1000000000,10.0000000000,50.0000000000
73.0000000000,87.0000000000,0.0000078505,50.0000000000,100.0000000000,0.1000000000,10.0000000000,50.0000000000
73.0000000000,88.0000000000,0.0000089826,50.0000000000,100.0000000000,0.1000000000,10.0000000000,50.0000000000
73.0000000000,89.0000000000,0.0000098467,50.0000000000,100.0000000000,0.1000000000,10.0000000000,50.0000000000
73.0000000000,90.0000000000,0.0000109748,50.0000000000,100.0000000000,0.1000000000,10.0000000000,50.0000000000
73.0000000000,91.0000000000,0.0000125034,50.0000000000,100.0000000000,0.1000000000,10.0000000000,50.0000000000
73.0000000000,92.0000000000,0.0000134518,50.0000000000,100.0000000000,0.1000000000,10.0000000000,50.0000000000
73.0000000000,93.0000000000,0.0000153677,50.0000000000,100.0000000000,0.1000000000,10.0000000000,50.0000000000
73.0000000000,94.0000000000,0.0000162623,50.0000000000,100.0000000000,0.1000000000,10.0000000000,50.0000000000
73.0000000000,95.0000000000,0.0000158739,50.0000000000,100.0000000000,0.1000000000,10.0000000000,50.0000000000
73.0000000000,96.0000000000,0.0000169435,50.0000000000,100.0000000000,0.1000000000,10.0000000000,50.0000000000
73.0000000000,97.0000000000,0.0000180966,50.0000000000,100.0000000000,0.1000000000,10.0000000000,50.0000000000
73.0000000000,98.0000000000,0.0000184219,50.0000000000,100.0000000000,0.1000000000,10.0000000000,50.0000000000
73.0000000000,99.0000000000,0.0000181720,50.0000000000,100.0000000000,0.1000000000,10.0000000000,50.0000000000
73.0000000000,100.0000000000,0.0000186019,50.0000000000,100.0000000000,0.1000000000,10.0000000000,50.0000000000
73.0000000000,101.0000000000,0.0000179742,50.0000000000,100.0000000000,0.1000000000,10.0000000000,50.0000000000
73.0000000000,102.0000000000,0.0000175810,50.0000000000,100.0000000000,0.1000000000,10.0000000000,50.0000000000
73.0000000000,103.0000000000,0.0000175608,50.0000000000,100.0000000000,0.1000000000,10.0000000000,50.0000000000
73.0000000000,104.0000000000,0.0000172688,50.0000000000,100.0000000000,0.1000000000,10.0000000000,50.0000000000
73.0000000000,105.0000000000,0.0000164649,50.0000000000,100.0000000000,0.1000000000,10.0000000000,50.0000000000
73.0000000000,106.0000000000,0.0000158940,50.0000000000,100.0000000000,0.1000000000,10.0000000000,50.0000000000
73.0000000000,107.0000000000,0.0000147048,50.0000000000,100.0000000000,0.1000000000,10.0000000000,50.0000000000
73.0000000000,108.0000000000,0.0000137957,50.0000000000,100.0000000000,0.1000000000,10.0000000000,50.0000000000
73.0000000000,109.0000000000,0.0000123911,50.0000000000,100.0000000000,0.1000000000,10.0000000000,50.0000000000
73.0000000000,110.0000000000,0.0000108616,50.0000000000,100.0000000000,0.1000000000,10.0000000000,50.0000000000
73.0000000000,111.0000000000,0.0000101194,50.0000000000,100.0000000000,0.1000000000,10.0000000000,50.0000000000
73.0000000000,112.0000000000,0.0000089683,50.0000000000,100.0000000000,0.1000000000,10.0000000000,50.0000000000
73.0000000000,113.0000000000,0.0000081824,50.0000000000,100.0000000000,0.1000000000,10.0000000000,50.0000000000
73.0000000000,114.0000000000,0.0000067585,50.0000000000,100.0000000000,0.1000000000,10.0000000000,50.0000000000
73.0000000000,115.0000000000,0.0000060109,50.0000000000,100.0000000000,0.1000000000,10.0000000000,50.0000000000
73.0000000000,116.0000000000,0.0000051838,50.0000000000,100.0000000000,0.1000000000,10.0000000000,50.0000000000
73.0000000000,117.0000000000,0.0000043476,50.0000000000,100.0000000000,0.1000000000,10.0000000000,50.0000000000
73.0000000000,118.0000000000,0.0000042050,50.0000000000,100.0000000000,0.1000000000,10.0000000000,50.0000000000
73.0000000000,119.0000000000,0.0000035854,50.0000000000,100.0000000000,0.1000000000,10.0000000000,50.0000000000
73.0000000000,120.0000000000,0.0000028212,50.0000000000,100.0000000000,0.1000000000,10.0000000000,50.0000000000
73.0000000000,121.0000000000,0.0000021972,50.0000000000,100.0000000000,0.1000000000,10.0000000000,50.0000000000
73.0000000000,122.0000000000,0.0000015922,50.0000000000,100.0000000000,0.1000000000,10.0000000000,50.0000000000
73.0000000000,123.0000000000,0.0000012902,50.0000000000,100.0000000000,0.1000000000,10.0000000000,50.0000000000
73.0000000000,124.0000000000,0.0000011015,50.0000000000,100.0000000000,0.1000000000,10.0000000000,50.0000000000
73.0000000000,125.0000000000,0.0000008377,50.0000000000,100.0000000000,0.1000000000,10.0000000000,50.0000000000
73.0000000000,126.0000000000,0.0000007086,50.0000000000,100.0000000000,0.1000000000,10.0000000000,50.0000000000
73.0000000000,127.0000000000,0.0000004848,50.0000000000,100.0000000000,0.1000000000,10.0000000000,50.0000000000
73.0000000000,128.0000000000,0.0000003920,50.0000000000,100.0000000000,0.1000000000,10.0000000000,50.0000000000
73.0000000000,129.0000000000,0.0000002849,50.0000000000,100.0000000000,0.1000000000,10.0000000000,50.0000000000
73.0000000000,130.0000000000,0.0000002524,50.0000000000,100.0000000000,0.1000000000,10.0000000000,50.0000000000
73.0000000000,131.0000000000,0.0000001424,50.0000000000,100.0000000000,0.1000000000,10.0000000000,50.0000000000
73.0000000000,132.0000000000,0.0000001765,50.0000000000,100.0000000000,0.1000000000,10.0000000000,50.0000000000
73.0000000000,133.0000000000,0.0000001063,50.0000000000,100.0000000000,0.1000000000,10.0000000000,50.0000000000
73.0000000000,134.0000000000,0.0000000890,50.0000000000,100.0000000000,0.1000000000,10.0000000000,50.0000000000
73.0000000000,135.0000000000,0.0000000473,50.0000000000,100.0000000000,0.1000000000,10.0000000000,50.0000000000
73.0000000000,136.0000000000,0.0000000473,50.0000000000,100.0000000000,0.1000000000,10.0000000000,50.0000000000
73.0000000000,137.0000000000,0.0000000309,50.0000000000,100.0000000000,0.1000000000,10.0000000000,50.0000000000
73.0000000000,138.0000000000,0.0000000163,50.0000000000,100.0000000000,0.1000000000,10.0000000000,50.0000000000
73.0000000000,139.0000000000,0.0000000226,50.0000000000,100.0000000000,0.1000000000,10.0000000000,50.0000000000
73.0000000000,140.0000000000,0.0000000143,50.0000000000,100.0000000000,0.1000000000,10.0000000000,50.0000000000
73.0000000000,141.0000000000,0.0000000125,50.0000000000,100.0000000000,0.1000000000,10.0000000000,50.0000000000
73.0000000000,142.0000000000,0.0000000050,50.0000000000,100.0000000000,0.1000000000,10.0000000000,50.0000000000
73.0000000000,143.0000000000,0.0000000166,50.0000000000,100.0000000000,0.1000000000,10.0000000000,50.0000000000
73.0000000000,144.0000000000,0.0000000001,50.0000000000,100.0000000000,0.1000000000,10.0000000000,50.0000000000
74.0000000000,62.0000000000,0.0000000020,50.0000000000,100.0000000000,0.1000000000,10.0000000000,50.0000000000
74.0000000000,64.0000000000,0.0000000002,50.0000000000,100.0000000000,0.1000000000,10.0000000000,50.0000000000
74.0000000000,65.0000000000,0.0000000046,50.0000000000,100.0000000000,0.1000000000,10.0000000000,50.0000000000
74.0000000000,66.0000000000,0.0000000022,50.0000000000,100.0000000000,0.1000000000,10.0000000000,50.0000000000
74.0000000000,67.0000000000,0.0000000038,50.0000000000,100.0000000000,0.1000000000,10.0000000000,50.0000000000
74.0000000000,68.0000000000,0.0000000263,50.0000000000,100.0000000000,0.1000000000,10.0000000000,50.0000000000
74.0000000000,69.0000000000,0.0000000345,50.0000000000,100.0000000000,0.1000000000,10.0000000000,50.0000000000
74.0000000000,70.0000000000,0.0000000667,50.0000000000,100.0000000000,0.1000000000,10.0000000000,50.0000000000
74.0000000000,71.0000000000,0.0000001116,50.0000000000,100.0000000000,0.1000000000,10.0000000000,50.0000000000
74.0000000000,72.0000000000,0.0000001382,50.0000000000,100.0000000000,0.1000000000,10.0000000000,50.0000000000
74.0000000000,73.0000000000,0.0000002061,50.0000000000,100.0000000000,0.1000000000,10.0000000000,50.0000000000
74.0000000000,74.0000000000,0.0000002012,50.0000000000,100.0000000000,0.1000000000,10.0000000000,50.0000000000
74.0000000000,75.0000000000,0.0000003189,50.0000000000,100.0000000000,0.1000000000,10.0000000000,50.0000000000
74.0000000000,76.0000000000,0.0000003719,50.0000000000,100.0000000000,0.1000000000,10.0000000000,50.0000000000
74.0000000000,77.0000000000,0.0000005268,50.0000000000,100.0000000000,0.1000000000,10.0000000000,50.0000000000
74.0000000000,78.0000000000,0.0000007358,50.0000000000,100.0000000000,0.1000000000,10.0000000000,50.0000000000
74.0000000000,79.0000000000,0.0000010461,50.0000000000,100.0000000000,0.1000000000,10.0000000000,50.0000000000
74.0000000000,80.0000000000,0.0000012700,50.0000000000,100.0000000000,0.1000000000,10.0000000000,50.0000000000
74.0000000000,81.0000000000,0.0000018125,50.0000000000,100.0000000000,0.1000000000,10.0000000000,50.0000000000
74.0000000000,82.0000000000,0.0000021914,50.0000000000,100.0000000000,0.1000000000,10.0000000000,50.0000000000
74.0000000000,83.0000000000,0.0000025901,50.0000000000,100.0000000000,0.1000000000,10.0000000000,50.0000000000
74.0000000000,84.0000000000,0.0000031929,50.0000000000,100.0000000000,0.1000000000,10.0000000000,50.0000000000
74.0000000000,85.0000000000,0.0000035601,50.0000000000,100.0000000000,0.1000000000,10.0000000000,50.0000000000
74.0000000000,86.0000000000,0.0000044895,50.0000000000,100.0000000000,0.1000000000,10.0000000000,50.0000000000
74.0000000000,87.0000000000,0.0000051864,50.0000000000,100.0000000000,0.1000000000,10.0000000000,50.0000000000
74.0000000000,88.0000000000,0.0000057781,50.0000000000,100.0000000000,0.1000000000,10.0000000000,50.0000000000
74.0000000000,89.0000000000,0.0000069232,50.0000000000,100.0000000000,0.1000000000,10.0000000000,50.0000000000
74.0000000000,90.0000000000,0.0000073201,50.0000000000,100.0000000000,0.1000000000,10.0000000000,50.0000000000
74.0000000000,91.0000000000,0.0000081023,50.0000000000,100.0000000000,0.1000000000,10.0000000000,50.0000000000
74.0000000000,92.0000000000,0.0000093062,50.0000000000,100.0000000000,0.1000000000,10.0000000000,50.0000000000
74.0000000000,93.0000000000,0.0000103795,50.0000000000,100.0000000000,0.1000000000,10.0000000000,50.0000000000
74.0000000000,94.0000000000,0.0000108386,50.0000000000,100.0000000000,0.1000000000,10.0000000000,50.0000000000
74.0000000000,95.0000000000,0.0000106813,50.0000000000,100.0000000000,0.1000000000,10.0000000000,50.0000000000
74.0000000000,96.0000000000,0.0000110635,50.0000000000,100.0000000000,0.1000000000,10.0000000000,50.0000000000
74.0000000000,97.0000000000,0.0000119530,50.0000000000,100.0000000000,0.1000000000,10.0000000000,50.0000000000
74.0000000000,98.0000000000,0.0000121408,50.0000000000,100.0000000000,0.1000000000,10.0000000000,50.0000000000
74.0000000000,99.0000000000,0.0000129679,50.0000000000,100.0000000000,0.1000000000,10.0000000000,50.0000000000
74.0000000000,100.0000000000,0.0000123369,50.0000000000,100.0000000000,0.1000000000,10.0000000000,50.0000000000
74.0000000000,101.0000000000,0.0000120478,50.0000000000,100.0000000000,0.1000000000,10.0000000000,50.0000000000
74.0000000000,102.0000000000,0.0000122404,50.0000000000,100.0000000000,0.1000000000,10.0000000000,50.0000000000
74.0000000000,103.0000000000,0.0000120175,50.0000000000,100.0000000000,0.1000000000,10.0000000000,50.0000000000
74.0000000000,104.0000000000,0.0000117285,50.0000000000,100.0000000000,0.1000000000,10.0000000000,50.0000000000
74.0000000000,105.0000000000,0.0000109145,50.0000000000,100.0000000000,0.1000000000,10.0000000000,50.0000000000
74.0000000000,106.0000000000,0.0000107649,50.0000000000,100.0000000000,0.1000000000,10.0000000000,50.0000000000
74.0000000000,107.0000000000,0.0000100018,50.0000000000,100.0000000000,0.1000000000,10.0000000000,50.0000000000
74.0000000000,108.0000000000,0.0000090773,50.0000000000,100.0000000000,0.1000000000,10.0000000000,50.0000000000
74.0000000000,109.0000000000,0.0000080516,50.0000000000,100.0000000000,0.1000000000,10.0000000000,50.0000000000
74.0000000000,110.0000000000,0.0000072489,50.0000000000,100.0000000000,0.1000000000,10.0000000000,50.0000000000
74.0000000000,111.0000000000,0.0000066885,50.0000000000,100.0000000000,0.1000000000,10.0000000000,50.0000000000
74.0000000000,112.0000000000,0.0000062294,50.0000000000,100.0000000000,0.1000000000,10.0000000000,50.0000000000
74.0000000000,113.0000000000,0.0000054337,50.0000000000,100.0000000000,0.1000000000,10.0000000000,50.0000000000
74.0000000000,114.0000000000,0.0000047704,50.0000000000,100.0000000000,0.1000000000,10.0000000000,50.0000000000
74.0000000000,115.0000000000,0.0000041566,50.0000000000,100.0000000000,0.1000000000,10.0000000000,50.0000000000
74.0000000000,116.0000000000,0.0000033715,50.0000000000,100.0000000000,0.1000000000,10.0000000000,50.0000000000
74.0000000000,117.0000000000,0.0000029003,50.0000000000,100.0000000000,0.1000000000,10.0000000000,50.0000000000
74.0000000000,118.0000000000,0.0000028092,50.0000000000,100.0000000000,0.1000000000,10.0000000000,50.0000000000
74.0000000000,119.0000000000,0.0000023933,50.0000000000,100.0000000000,0.1000000000,10.0000000000,50.0000000000
74.0000000000,120.0000000000,0.0000018133,50.0000000000,100.0000000000,0.1000000000,10.0000000000,50.0000000000
74.0000000000,121.0000000000,0.0000013344,50.0000000000,100.0000000000,0.1000000000,10.0000000000,50.0000000000
74.0000000000,122.0000000000,0.0000011830,50.0000000000,100.0000000000,0.1000000000,10.0000000000,50.0000000000
74.0000000000,123.0000000000,0.0000008496,50.0000000000,100.0000000000,0.1000000000,10.0000000000,50.0000000000
74.0000000000,124.0000000000,0.0000007280,50.0000000000,100.0000000000,0.1000000000,10.0000000000,50.0000000000
74.0000000000,125.0000000000,0.0000005664,50.0000000000,100.0000000000,0.1000000000,10.0000000000,50.0000000000
74.0000000000,126.0000000000,0.0000005091,50.0000000000,100.0000000000,0.1000000000,10.0000000000,50.0000000000
74.0000000000,127.0000000000,0.0000003424,50.0000000000,100.0000000000,0.1000000000,10.0000000000,50.0000000000
74.0000000000,128.0000000000,0.0000002229,50.0000000000,100.0000000000,0.1000000000,10.0000000000,50.0000000000
74.0000000000,129.0000000000,0.0000002006,50.0000000000,100.0000000000,0.1000000000,10.0000000000,50.0000000000
74.0000000000,130.0000000000,0.0000001446,50.0000000000,100.0000000000,0.1000000000,10.0000000000,50.0000000000
74.0000000000,131.0000000000,0.0000001091,50.0000000000,100.0000000000,0.1000000000,10.0000000000,50.0000000000
74.0000000000,132.0000000000,0.0000001246,50.0000000000,100.0000000000,0.1000000000,10.0000000000,50.0000000000
74.0000000000,133.0000000000,0.0000000937,50.0000000000,100.0000000000,0.1000000000,10.0000000000,50.0000000000
74.0000000000,134.0000000000,0.0000000815,50.0000000000,100.0000000000,0.1000000000,10.0000000000,50.0000000000
74.0000000000,135.0000000000,0.0000000492,50.0000000000,100.0000000000,0.1000000000,10.0000000000,50.0000000000
74.0000000000,136.0000000000,0.0000000342,50.0000000000,100.0000000000,0.1000000000,10.0000000000,50.0000000000
74.0000000000,137.0000000000,0.0000000153,50.0000000000,100.0000000000,0.1000000000,10.0000000000,50.0000000000
74.0000000000,138.0000000000,0.0000000111,50.0000000000,100.0000000000,0.1000000000,10.0000000000,50.0000000000
74.0000000000,139.0000000000,0.0000000090,50.0000000000,100.0000000000,0.1000000000,10.0000000000,50.0000000000
74.0000000000,140.0000000000,0.0000000111,50.0000000000,100.0000000000,0.1000000000,10.0000000000,50.0000000000
74.0000000000,141.0000000000,0.0000000124,50.0000000000,100.0000000000,0.1000000000,10.0000000000,50.0000000000
74.0000000000,142.0000000000,0.0000000001,50.0000000000,100.0000000000,0.1000000000,10.0000000000,50.0000000000
74.0000000000,143.0000000000,0.0000000025,50.0000000000,100.0000000000,0.1000000000,10.0000000000,50.0000000000
74.0000000000,144.0000000000,0.0000000067,50.0000000000,100.0000000000,0.1000000000,10.0000000000,50.0000000000
75.0000000000,66.0000000000,0.0000000058,50.0000000000,100.0000000000,0.1000000000,10.0000000000,50.0000000000
75.0000000000,67.0000000000,0.0000000026,50.0000000000,100.0000000000,0.1000000000,10.0000000000,50.0000000000
75.0000000000,68.0000000000,0.0000000265,50.0000000000,100.0000000000,0.1000000000,10.0000000000,50.0000000000
75.0000000000,69.0000000000,0.0000000186,50.0000000000,100.0000000000,0.1000000000,10.0000000000,50.0000000000
75.0000000000,70.0000000000,0.0000000461,50.0000000000,100.0000000000,0.1000000000,10.0000000000,50.0000000000
75.0000000000,71.0000000000,0.0000000808,50.0000000000,100.0000000000,0.1000000000,10.0000000000,50.0000000000
75.0000000000,72.0000000000,0.0000001024,50.0000000000,100.0000000000,0.1000000000,10.0000000000,50.0000000000
75.0000000000,73.0000000000,0.0000001546,50.0000000000,100.0000000000,0.1000000000,10.0000000000,50.0000000000
75.0000000000,74.0000000000,0.0000001836,50.0000000000,100.0000000000,0.1000000000,10.0000000000,50.0000000000
75.0000000000,75.0000000000,0.0000001927,50.0000000000,100.0000000000,0.1000000000,10.0000000000,50.0000000000
75.0000000000,76.0000000000,0.0000001948,50.0000000000,100.0000000000,0.1000000000,10.0000000000,50.0000000000
75.0000000000,77.0000000000,0.0000003834,50.0000000000,100.0000000000,0.1000000000,10.0000000000,50.0000000000
75.0000000000,78.0000000000,0.0000005456,50.0000000000,100.0000000000,0.1000000000,10.0000000000,50.0000000000
75.0000000000,79.0000000000,0.0000006616,50.0000000000,100.0000000000,0.1000000000,10.0000000000,50.0000000000
75.0000000000,80.0000000000,0.0000008197,50.0000000000,100.0000000000,0.1000000000,10.0000000000,50.0000000000
75.0000000000,81.0000000000,0.0000012075,50.0000000000,100.0000000000,0.1000000000,10.0000000000,50.0000000000
75.0000000000,82.0000000000,0.0000015637,50.0000000000,100.0000000000,0.1000000000,10.0000000000,50.0000000000
75.0000000000,83.0000000000,0.0000016563,50.0000000000,100.0000000000,0.1000000000,10.0000000000,50.0000000000
75.0000000000,84.0000000000,0.0000021574,50.0000000000,100.0000000000,0.1000000000,10.0000000000,50.0000000000
75.0000000000,85.0000000000,0.0000022750,50.0000000000,100.0000000000,0.1000000000,10.0000000000,50.0000000000
75.0000000000,86.0000000000,0.0000028030,50.0000000000,100.0000000000,0.1000000000,10.0000000000,50.0000000000
75.0000000000,87.0000000000,0.0000032983,50.0000000000,100.0000000000,0.1000000000,10.0000000000,50.0000000000
75.0000000000,88.0000000000,0.0000037254,50.0000000000,100.0000000000,0.1000000000,10.0000000000,50.0000000000
75.0000000000,89.0000000000,0.0000045606,50.0000000000,100.0000000000,0.1000000000,10.0000000000,50.0000000000
75.0000000000,90.0000000000,0.0000048766,50.0000000000,100.0000000000,0.1000000000,10.0000000000,50.0000000000
75.0000000000,91.0000000000,0.0000056007,50.0000000000,100.0000000000,0.1000000000,10.0000000000,50.0000000000
75.0000000000,92.0000000000,0.0000062839,50.0000000000,100.0000000000,0.1000000000,10.0000000000,50.0000000000
75.0000000000,93.0000000000,0.0000070395,50.0000000000,100.0000000000,0.1000000000,10.0000000000,50.0000000000
75.0000000000,94.0000000000,0.0000071329,50.0000000000,100.0000000000,0.1000000000,10.0000000000,50.0000000000
75.0000000000,95.0000000000,0.0000072180,50.0000000000,100.0000000000,0.1000000000,10.0000000000,50.0000000000
75.0000000000,96.0000000000,0.0000075297,50.0000000000,100.0000000000,0.1000000000,10.0000000000,50.0000000000
75.0000000000,97.0000000000,0.0000081359,50.0000000000,100.0000000000,0.1000000000,10.0000000000,50.0000000000
75.0000000000,98.0000000000,0.0000079398,50.0000000000,100.0000000000,0.1000000000,10.0000000000,50.0000000000
75.0000000000,99.0000000000,0.0000085188,50.0000000000,100.0000000000,0.1000000000,10.0000000000,50.0000000000
75.0000000000,100.0000000000,0.0000081653,50.0000000000,100.0000000000,0.1000000000,10.0000000000,50.0000000000
75.0000000000,101.0000000000,0.0000081983,50.0000000000,100.0000000000,0.1000000000,10.0000000000,50.0000000000
75.0000000000,102.0000000000,0.0000082276,50.0000000000,100.0000000000,0.1000000000,10.0000000000,50.0000000000
75.0000000000,103.0000000000,0.0000079353,50.0000000000,100.0000000000,0.1000000000,10.0000000000,50.0000000000
75.0000000000,104.0000000000,0.0000076393,50.0000000000,100.0000000000,0.1000000000,10.0000000000,50.0000000000
75.0000000000,105.0000000000,0.0000073763,50.0000000000,100.0000000000,0.1000000000,10.0000000000,50.0000000000
75.0000000000,106.0000000000,0.0000069059,50.0000000000,100.0000000000,0.1000000000,10.0000000000,50.0000000000
75.0000000000,107.0000000000,0.0000063848,50.0000000000,100.0000000000,0.1000000000,10.0000000000,50.0000000000
75.0000000000,108.0000000000,0.0000056555,50.0000000000,100.0000000000,0.1000000000,10.0000000000,50.0000000000
75.0000000000,109.0000000000,0.0000053783,50.0000000000,100.0000000000,0.1000000000,10.0000000000,50.0000000000
75.0000000000,110.0000000000,0.0000048582,50.0000000000,100.0000000000,0.1000000000,10.0000000000,50.0000000000
75.0000000000,111.0000000000,0.0000043374,50.0000000000,100.0000000000,0.1000000000,10.0000000000,50.0000000000
75.0000000000,112.0000000000,0.0000041183,50.0000000000,100.0000000000,0.1000000000,10.0000000000,50.0000000000
75.0000000000,113.0000000000,0.0000035995,50.0000000000,100.0000000000,0.1000000000,10.0000000000,50.0000000000
75.0000000000,114.0000000000,0.0000029923,50.0000000000,100.0000000000,0.1000000000,10.0000000000,50.0000000000
75.0000000000,115.0000000000,0.0000024966,50.0000000000,100.0000000000,0.1000000000,10.0000000000,50.0000000000
75.0000000000,116.0000000000,0.0000020170,50.0000000000,100.0000000000,0.1000000000,10.0000000000,50.0000000000
75.0000000000,117.0000000000,0.0000021079,50.0000000000,100.0000000000,0.1000000000,10.0000000000,50.0000000000
75.0000000000,118.0000000000,0.0000019268,50.0000000000,100.0000000000,0.1000000000,10.0000000000,50.0000000000
75.0000000000,119.0000000000,0.0000015108,50.0000000000,100.0000000000,0.1000000000,10.0000000000,50.0000000000
75.0000000000,120.0000000000,0.0000013426,50.0000000000,100.0000000000,0.1000000000,10.0000000000,50.0000000000
75.0000000000,121.0000000000,0.0000009589,50.0000000000,100.0000000000,0.1000000000,10.0000000000,50.0000000000
75.0000000000,122.0000000000,0.0000008161,50.0000000000,100.0000000000,0.1000000000,10.0000000000,50.0000000000
75.0000000000,123.0000000000,0.0000006247,50.0000000000,100.0000000000,0.1000000000,10.0000000000,50.0000000000
75.0000000000,124.0000000000,0.0000004596,50.0000000000,100.0000000000,0.1000000000,10.0000000000,50.0000000000
75.0000000000,125.0000000000,0.0000004131,50.0000000000,100.0000000000,0.1000000000,10.0000000000,50.0000000000
75.0000000000,126.0000000000,0.0000003309,50.0000000000,100.0000000000,0.1000000000,10.0000000000,50.0000000000
75.0000000000,127.0000000000,0.0000002594,50.0000000000,100.0000000000,0.1000000000,10.0000000000,50.0000000000
75.0000000000,128.0000000000,0.0000001831,50.0000000000,100.0000000000,0.1000000000,10.0000000000,50.0000000000
75.0000000000,129.0000000000,0.0000001043,50.0000000000,100.0000000000,0.1000000000,10.0000000000,50.0000000000
75.0000000000,130.0000000000,0.0000000787,50.0000000000,100.0000000000,0.1000000000,10.0000000000,50.0000000000
75.0000000000,131.0000000000,0.0000000937,50.0000000000,100.0000000000,0.1000000000,10.0000000000,50.0000000000
75.0000000000,132.0000000000,0.0000000751,50.0000000000,100.0000000000,0.1000000000,10.0000000000,50.0000000000
75.0000000000,133.0000000000,0.0000001042,50.0000000000,100.0000000000,0.1000000000,10.0000000000,50.0000000000
75.0000000000,134.0000000000,0.0000000486,50.0000000000,100.0000000000,0.1000000000,10.0000000000,50.0000000000
75.0000000000,135.0000000000,0.0000000378,50.0000000000,100.0000000000,0.1000000000,10.0000000000,50.0000000000
75.0000000000,136.0000000000,0.0000000255,50.0000000000,100.0000000000,0.1000000000,10.0000000000,50.0000000000
75.0000000000,137.0000000000,0.0000000106,50.0000000000,100.0000000000,0.1000000000,10.0000000000,50.0000000000
75.0000000000,138.0000000000,0.0000000073,50.0000000000,100.0000000000,0.1000000000,10.0000000000,50.0000000000
75.0000000000,139.0000000000,0.0000000137,50.0000000000,100.0000000000,0.1000000000,10.0000000000,50.0000000000
75.0000000000,140.0000000000,0.0000000033,50.0000000000,100.0000000000,0.1000000000,10.0000000000,50.0000000000
75.0000000000,141.0000000000,0.0000000068,50.0000000000,100.0000000000,0.1000000000,10.0000000000,50.0000000000
75.0000000000,142.0000000000,0.0000000001,50.0000000000,100.0000000000,0.1000000000,10.0000000000,50.0000000000
75.0000000000,143.0000000000,0.0000000068,50.0000000000,100.0000000000,0.1000000000,10.0000000000,50.0000000000
75.0000000000,144.0000000000,0.0000000025,50.0000000000,100.0000000000,0.1000000000,10.0000000000,50.0000000000
76.0000000000,68.0000000000,0.0000000207,50.0000000000,100.0000000000,0.1000000000,10.0000000000,50.0000000000
76.0000000000,69.0000000000,0.0000000103,50.0000000000,100.0000000000,0.1000000000,10.0000000000,50.0000000000
76.0000000000,70.0000000000,0.0000000325,50.0000000000,100.0000000000,0.1000000000,10.0000000000,50.0000000000
76.0000000000,71.0000000000,0.0000000555,50.0000000000,100.0000000000,0.1000000000,10.0000000000,50.0000000000
76.0000000000,72.0000000000,0.0000000767,50.0000000000,100.0000000000,0.1000000000,10.0000000000,50.0000000000
76.0000000000,73.0000000000,0.0000000736,50.0000000000,100.0000000000,0.1000000000,10.0000000000,50.0000000000
76.0000000000,74.0000000000,0.0000001140,50.0000000000,100.0000000000,0.1000000000,10.0000000000,50.0000000000
76.0000000000,75.0000000000,0.0000000928,50.0000000000,100.0000000000,0.1000000000,10.0000000000,50.0000000000
76.0000000000,76.0000000000,0.0000001408,50.0000000000,100.0000000000,0.1000000000,10.0000000000,50.0000000000
76.0000000000,77.0000000000,0.0000002372,50.0000000000,100.0000000000,0.1000000000,10.0000000000,50.0000000000
76.0000000000,78.0000000000,0.0000003870,50.0000000000,100.0000000000,0.1000000000,10.0000000000,50.0000000000
76.0000000000,79.0000000000,0.0000004502,50.0000000000,100.0000000000,0.1000000000,10.0000000000,50.0000000000
76.0000000000,80.0000000000,0.0000005494,50.0000000000,100.0000000000,0.1000000000,10.0000000000,50.0000000000
76.0000000000,81.0000000000,0.0000007269,50.0000000000,100.0000000000,0.1000000000,10.0000000000,50.0000000000
76.0000000000,82.0000000000,0.0000010452,50.0000000000,100.0000000000,0.1000000000,10.0000000000,50.0000000000
76.0000000000,83.0000000000,0.0000010149,50.0000000000,100.0000000000,0.1000000000,10.0000000000,50.0000000000
76.0000000000,84.0000000000,0.0000013043,50.0000000000,100.0000000000,0.1000000000,10.0000000000,50.0000000000
76.0000000000,85.0000000000,0.0000015600,50.0000000000,100.0000000000,0.1000000000,10.0000000000,50.0000000000
76.0000000000,86.0000000000,0.0000017774,50.0000000000,100.0000000000,0.1000000000,10.0000000000,50.0000000000
76.0000000000,87.0000000000,0.0000021569,50.0000000000,100.0000000000,0.1000000000,10.0000000000,50.0000000000
76.0000000000,88.0000000000,0.0000023443,50.0000000000,100.0000000000,0.1000000000,10.0000000000,50.0000000000
76.0000000000,89.0000000000,0.0000029360,50.0000000000,100.0000000000,0.1000000000,10.0000000000,50.0000000000
76.0000000000,90.0000000000,0.0000033416,50.0000000000,100.0000000000,0.1000000000,10.0000000000,50.0000000000
76.0000000000,91.0000000000,0.0000036564,50.0000000000,100.0000000000,0.1000000000,10.0000000000,50.0000000000
76.0000000000,92.0000000000,0.0000040994,50.0000000000,100.0000000000,0.1000000000,10.0000000000,50.0000000000
76.0000000000,93.0000000000,0.0000044968,50.0000000000,100.0000000000,0.1000000000,10.0000000000,50.0000000000
76.0000000000,94.0000000000,0.0000047159,50.0000000000,100.0000000000,0.1000000000,10.0000000000,50.0000000000
76.0000000000,95.0000000000,0.0000048713,50.0000000000,100.0000000000,0.1000000000,10.0000000000,50.0000000000
76.0000000000,96.0000000000,0.0000050934,50.0000000000,100.0000000000,0.1000000000,10.0000000000,50.0000000000
76.0000000000,97.0000000000,0.0000054848,50.0000000000,100.0000000000,0.1000000000,10.0000000000,50.0000000000
76.0000000000,98.0000000000,0.0000050680,50.0000000000,100.0000000000,0.1000000000,10.0000000000,50.0000000000
76.0000000000,99.0000000000,0.0000057952,50.0000000000,100.0000000000,0.1000000000,10.0000000000,50.0000000000
76.0000000000,100.0000000000,0.0000052484,50.0000000000,100.0000000000,0.1000000000,10.0000000000,50.0000000000
76.0000000000,101.0000000000,0.0000053578,50.0000000000,100.0000000000,0.1000000000,10.0000000000,50.0000000000
76.0000000000,102.0000000000,0.0000053163,50.0000000000,100.0000000000,0.1000000000,10.0000000000,50.0000000000
76.0000000000,103.0000000000,0.0000053846,50.0000000000,100.0000000000,0.1000000000,10.0000000000,50.0000000000
76.0000000000,104.0000000000,0.0000050205,50.0000000000,100.0000000000,0.1000000000,10.0000000000,50.0000000000
76.0000000000,105.0000000000,0.0000047770,50.0000000000,100.0000000000,0.1000000000,10.0000000000,50.0000000000
76.0000000000,106.0000000000,0.0000045630,50.0000000000,100.0000000000,0.1000000000,10.0000000000,50.0000000000
76.0000000000,107.0000000000,0.0000043776,50.0000000000,100.0000000000,0.1000000000,10.0000000000,50.0000000000
76.0000000000,108.0000000000,0.0000038295,50.0000000000,100.0000000000,0.1000000000,10.0000000000,50.0000000000
76.0000000000,109.0000000000,0.0000036839,50.0000000000,100.0000000000,0.1000000000,10.0000000000,50.0000000000
76.0000000000,110.0000000000,0.0000032493,50.0000000000,100.0000000000,0.1000000000,10.0000000000,50.0000000000
76.0000000000,111.0000000000,0.0000030150,50.0000000000,100.0000000000,0.1000000000,10.0000000000,50.0000000000
76.0000000000,112.0000000000,0.0000026041,50.0000000000,100.0000000000,0.1000000000,10.0000000000,50.0000000000
76.0000000000,113.0000000000,0.0000025317,50.0000000000,100.0000000000,0.1000000000,10.0000000000,50.0000000000
76.0000000000,114.0000000000,0.0000018196,50.0000000000,100.0000000000,0.1000000000,10.0000000000,50.0000000000
76.0000000000,115.0000000000,0.0000016352,50.0000000000,100.0000000000,0.1000000000,10.0000000000,50.0000000000
76.0000000000,116.0000000000,0.0000014535,50.0000000000,100.0000000000,0.1000000000,10.0000000000,50.0000000000
76.0000000000,117.0000000000,0.0000013130,50.0000000000,100.0000000000,0.1000000000,10.0000000000,50.0000000000
76.0000000000,118.0000000000,0.0000012176,50.0000000000,100.0000000000,0.1000000000,10.0000000000,50.0000000000
76.0000000000,119.0000000000,0.0000010629,50.0000000000,100.0000000000,0.1000000000,10.0000000000,50.0000000000
76.0000000000,120.0000000000,0.0000009079,50.0000000000,100.0000000000,0.1000000000,10.0000000000,50.0000000000
76.0000000000,121.0000000000,0.0000006642,50.0000000000,100.0000000000,0.1000000000,10.0000000000,50.0000000000
76.0000000000,122.0000000000,0.0000004976,50.0000000000,100.0000000000,0.1000000000,10.0000000000,50.0000000000
76.0000000000,123.0000000000,0.0000003300,50.0000000000,100.0000000000,0.1000000000,10.0000000000,50.0000000000
76.0000000000,124.0000000000,0.0000002609,50.0000000000,100.0000000000,0.1000000000,10.0000000000,50.0000000000
76.0000000000,125.0000000000,0.0000003495,50.0000000000,100.0000000000,0.1000000000,10.0000000000,50.0000000000
76.0000000000,126.0000000000,0.0000002335,50.0000000000,100.0000000000,0.1000000000,10.0000000000,50.0000000000
76.0000000000,127.0000000000,0.0000001473,50.0000000000,100.0000000000,0.1000000000,10.0000000000,50.0000000000
76.0000000000,128.0000000000,0.0000001284,50.0000000000,100.0000000000,0.1000000000,10.0000000000,50.0000000000
76.0000000000,129.0000000000,0.0000000584,50.0000000000,100.0000000000,0.1000000000,10.0000000000,50.0000000000
76.0000000000,130.0000000000,0.0000000841,50.0000000000,100.0000000000,0.1000000000,10.0000000000,50.0000000000
76.0000000000,131.0000000000,0.0000000860,50.0000000000,100.0000000000,0.1000000000,10.0000000000,50.0000000000
76.0000000000,132.0000000000,0.0000000511,50.0000000000,100.0000000000,0.1000000000,10.0000000000,50.0000000000
76.0000000000,133.0000000000,0.0000000531,50.0000000000,100.0000000000,0.1000000000,10.0000000000,50.0000000000
76.0000000000,134.0000000000,0.0000000365,50.0000000000,100.0000000000,0.1000000000,10.0000000000,50.0000000000
76.0000000000,135.0000000000,0.0000000229,50.0000000000,100.0000000000,0.1000000000,10.0000000000,50.0000000000
76.0000000000,136.0000000000,0.0000000135,50.0000000000,100.0000000000,0.1000000000,10.0000000000,50.0000000000
76.0000000000,137.0000000000,0.0000000049,50.0000000000,100.0000000000,0.1000000000,10.0000000000,50.0000000000
76.0000000000,138.0000000000,0.0000000052,50.0000000000,100.0000000000,0.1000000000,10.0000000000,50.0000000000
76.0000000000,139.0000000000,0.0000000016,50.0000000000,100.0000000000,0.1000000000,10.0000000000,50.0000000000
76.0000000000,140.0000000000,0.0000000072,50.0000000000,100.0000000000,0.1000000000,10.0000000000,50.0000000000
76.0000000000,141.0000000000,0.0000000035,50.0000000000,100.0000000000,0.1000000000,10.0000000000,50.0000000000
76.0000000000,143.0000000000,0.0000000153,50.0000000000,100.0000000000,0.1000000000,10.0000000000,50.0000000000
77.0000000000,68.0000000000,0.0000000107,50.0000000000,100.0000000000,0.1000000000,10.0000000000,50.0000000000
77.0000000000,69.0000000000,0.0000000071,50.0000000000,100.0000000000,0.1000000000,10.0000000000,50.0000000000
77.0000000000,70.0000000000,0.0000000255,50.0000000000,100.0000000000,0.1000000000,10.0000000000,50.0000000000
77.0000000000,71.0000000000,0.0000000283,50.0000000000,100.0000000000,0.1000000000,10.0000000000,50.0000000000
77.0000000000,72.0000000000,0.0000000266,50.0000000000,100.0000000000,0.1000000000,10.0000000000,50.0000000000
77.0000000000,73.0000000000,0.0000000454,50.0000000000,100.0000000000,0.1000000000,10.0000000000,50.0000000000
77.0000000000,74.0000000000,0.0000000590,50.0000000000,100.0000000000,0.1000000000,10.0000000000,50.0000000000
77.0000000000,75.0000000000,0.0000000510,50.0000000000,100.0000000000,0.1000000000,10.0000000000,50.0000000000
77.0000000000,76.0000000000,0.0000000941,50.0000000000,100.0000000000,0.1000000000,10.0000000000,50.0000000000
77.0000000000,77.0000000000,0.0000001247,50.0000000000,100.0000000000,0.1000000000,10.0000000000,50.0000000000
77.0000000000,78.0000000000,0.0000002276,50.0000000000,100.0000000000,0.1000000000,10.0000000000,50.0000000000
77.0000000000,79.0000000000,0.0000003098,50.0000000000,100.0000000000,0.1000000000,10.0000000000,50.0000000000
77.0000000000,80.0000000000,0.0000003023,50.0000000000,100.0000000000,0.1000000000,10.0000000000,50.0000000000
77.0000000000,81.0000000000,0.0000004210,50.0000000000,100.0000000000,0.1000000000,10.0000000000,50.0000000000
77.0000000000,82.0000000000,0.0000005765,50.0000000000,100.0000000000,0.1000000000,10.0000000000,50.0000000000
77.0000000000,83.0000000000,0.0000006991,50.0000000000,100.0000000000,0.1000000000,10.0000000000,50.0000000000
77.0000000000,84.0000000000,0.0000008087,50.0000000000,100.0000000000,0.1000000000,10.0000000000,50.0000000000
77.0000000000,85.0000000000,0.0000010485,50.0000000000,100.0000000000,0.1000000000,10.0000000000,50.0000000000
77.0000000000,86.0000000000,0.0000010767,50.0000000000,100.0000000000,0.1000000000,10.0000000000,50.0000000000
77.0000000000,87.0000000000,0.0000013693,50.0000000000,100.0000000000,0.1000000000,10.0000000000,50.0000000000
77.0000000000,88.0000000000,0.0000015590,50.0000000000,100.0000000000,0.1000000000,10.0000000000,50.0000000000
77.0000000000,89.0000000000,0.0000019421,50.0000000000,100.0000000000,0.1000000000,10.0000000000,50.0000000000
77.0000000000,90.0000000000,0.0000021015,50.0000000000,100.0000000000,0.1000000000,10.0000000000,50.0000000000
77.0000000000,91.0000000000,0.0000023844,50.0000000000,100.0000000000,0.1000000000,10.0000000000,50.0000000000
77.0000000000,92.0000000000,0.0000027467,50.0000000000,100.0000000000,0.1000000000,10.0000000000,50.0000000000
77.0000000000,93.0000000000,0.0000029143,50.0000000000,100.0000000000,0.1000000000,10.0000000000,50.0000000000
77.0000000000,94.0000000000,0.0000030905,50.0000000000,100.0000000000,0.1000000000,10.0000000000,50.0000000000
77.0000000000,95.0000000000,0.0000032604,50.0000000000,100.0000000000,0.1000000000,10.0000000000,50.0000000000
77.0000000000,96.0000000000,0.0000034832,50.0000000000,100.0000000000,0.1000000000,10.0000000000,50.0000000000
77.0000000000,97.0000000000,0.0000034060,50.0000000000,100.0000000000,0.1000000000,10.0000000000,50.0000000000
77.0000000000,98.0000000000,0.0000033167,50.0000000000,100.0000000000,0.1000000000,10.0000000000,50.0000000000
77.0000000000,99.0000000000,0.0000036282,50.0000000000,100.0000000000,0.1000000000,10.0000000000,50.0000000000
77.0000000000,100.0000000000,0.0000035517,50.0000000000,100.0000000000,0.1000000000,10.0000000000,50.0000000000
77.0000000000,101.0000000000,0.0000034444,50.0000000000,100.0000000000,0.1000000000,10.0000000000,50.0000000000
77.0000000000,102.0000000000,0.0000034567,50.0000000000,100.0000000000,0.1000000000,10.0000000000,50.0000000000
77.0000000000,103.0000000000,0.0000033914,50.0000000000,100.0000000000,0.1000000000,10.0000000000,50.0000000000
77.0000000000,104.0000000000,0.0000033914,50.0000000000,100.0000000000,0.1000000000,10.0000000000,50.0000000000
77.0000000000,105.0000000000,0.0000031750,50.0000000000,100.0000000000,0.1000000000,10.0000000000,50.0000000000
77.0000000000,106.0000000000,0.0000029816,50.0000000000,100.0000000000,0.1000000000,10.0000000000,50.0000000000
77.0000000000,107.0000000000,0.0000029100,50.0000000000,100.0000000000,0.1000000000,10.0000000000,50.0000000000
77.0000000000,108.0000000000,0.0000023663,50.0000000000,100.0000000000,0.1000000000,10.0000000000,50.0000000000
77.0000000000,109.0000000000,0.0000022702,50.0000000000,100.0000000000,0.1000000000,10.0000000000,50.0000000000
77.0000000000,110.0000000000,0.0000020881,50.0000000000,100.0000000000,0.1000000000,10.0000000000,50.0000000000
77.0000000000,111.0000000000,0.0000018584,50.0000000000,100.0000000000,0.1000000000,10.0000000000,50.0000000000
77.0000000000,112.0000000000,0.0000015724,50.0000000000,100.0000000000,0.1000000000,10.0000000000,50.0000000000
77.0000000000,113.0000000000,0.0000015876,50.0000000000,100.0000000000,0.1000000000,10.0000000000,50.0000000000
77.0000000000,114.0000000000,0.0000011383,50.0000000000,100.0000000000,0.1000000000,10.0000000000,50.0000000000
77.0000000000,115.0000000000,0.0000011870,50.0000000000,100.0000000000,0.1000000000,10.0000000000,50.0000000000
77.0000000000,116.0000000000,0.0000009923,50.0000000000,100.0000000000,0.1000000000,10.0000000000,50.0000000000
77.0000000000,117.0000000000,0.0000008730,50.0000000000,100.0000000000,0.1000000000,10.0000000000,50.0000000000
77.0000000000,118.0000000000,0.0000008516,50.0000000000,100.0000000000,0.1000000000,10.0000000000,50.0000000000
77.0000000000,119.0000000000,0.0000006839,50.0000000000,100.0000000000,0.1000000000,10.0000000000,50.0000000000
77.0000000000,120.0000000000,0.0000005195,50.0000000000,100.0000000000,0.1000000000,10.0000000000,50.0000000000
77.0000000000,121.0000000000,0.0000004075,50.0000000000,100.0000000000,0.1000000000,10.0000000000,50.0000000000
77.0000000000,122.0000000000,0.0000003421,50.0000000000,100.0000000000,0.1000000000,10.0000000000,50.0000000000
77.0000000000,123.0000000000,0.0000002486,50.0000000000,100.0000000000,0.1000000000,10.0000000000,50.0000000000
77.0000000000,124.0000000000,0.0000001552,50.0000000000,100.0000000000,0.1000000000,10.0000000000,50.0000000000
77.0000000000,125.0000000000,0.0000002073,50.0000000000,100.0000000000,0.1000000000,10.0000000000,50.0000000000
77.0000000000,126.0000000000,0.0000001770,50.0000000000,100.0000000000,0.1000000000,10.0000000000,50.0000000000
77.0000000000,127.0000000000,0.0000001349,50.0000000000,100.0000000000,0.1000000000,10.0000000000,50.0000000000
77.0000000000,128.0000000000,0.0000000846,50.0000000000,100.0000000000,0.1000000000,10.0000000000,50.0000000000
77.0000000000,129.0000000000,0.0000000672,50.0000000000,100.0000000000,0.1000000000,10.0000000000,50.0000000000
77.0000000000,130.0000000000,0.0000000660,50.0000000000,100.0000000000,0.1000000000,10.0000000000,50.0000000000
77.0000000000,131.0000000000,0.0000000658,50.0000000000,100.0000000000,0.1000000000,10.0000000000,50.0000000000
77.0000000000,132.0000000000,0.0000000427,50.0000000000,100.0000000000,0.1000000000,10.0000000000,50.0000000000
77.0000000000,133.0000000000,0.0000000377,50.0000000000,100.0000000000,0.1000000000,10.0000000000,50.0000000000
77.0000000000,134.0000000000,0.0000000249,50.0000000000,100.0000000000,0.1000000000,10.0000000000,50.0000000000
77.0000000000,135.0000000000,0.0000000085,50.0000000000,100.0000000000,0.1000000000,10.0000000000,50.0000000000
77.0000000000,136.0000000000,0.0000000126,50.0000000000,100.0000000000,0.1000000000,10.0000000000,50.0000000000
77.0000000000,137.0000000000,0.0000000121,50.0000000000,100.0000000000,0.1000000000,10.0000000000,50.0000000000
77.0000000000,138.0000000000,0.0000000069,50.0000000000,100.0000000000,0.1000000000,10.0000000000,50.0000000000
77.0000000000,140.0000000000,0.0000000020,50.0000000000,100.0000000000,0.1000000000,10.0000000000,50.0000000000
77.0000000000,141.0000000000,0.0000000058,50.0000000000,100.0000000000,0.1000000000,10.0000000000,50.0000000000
77.0000000000,142.0000000000,0.0000000022,50.0000000000,100.0000000000,0.1000000000,10.0000000000,50.0000000000
77.0000000000,143.0000000000,0.0000000048,50.0000000000,100.0000000000,0.1000000000,10.0000000000,50.0000000000
78.0000000000,68.0000000000,0.0000000017,50.0000000000,100.0000000000,0.1000000000,10.0000000000,50.0000000000
78.0000000000,69.0000000000,0.0000000004,50.0000000000,100.0000000000,0.1000000000,10.0000000000,50.0000000000
78.0000000000,70.0000000000,0.0000000196,50.0000000000,100.0000000000,0.1000000000,10.0000000000,50.0000000000
78.0000000000,71.0000000000,0.0000000243,50.0000000000,100.0000000000,0.1000000000,10.0000000000,50.0000000000
78.0000000000,72.0000000000,0.0000000161,50.0000000000,100.0000000000,0.1000000000,10.0000000000,50.0000000000
78.0000000000,73.0000000000,0.0000000262,50.0000000000,100.0000000000,0.1000000000,10.0000000000,50.0000000000
78.0000000000,74.0000000000,0.0000000274,50.0000000000,100.0000000000,0.1000000000,10.0000000000,50.0000000000
78.0000000000,75.0000000000,0.0000000428,50.0000000000,100.0000000000,0.1000000000,10.0000000000,50.0000000000
78.0000000000,76.0000000000,0.0000000650,50.0000000000,100.0000000000,0.1000000000,10.0000000000,50.0000000000
78.0000000000,77.0000000000,0.0000001038,50.0000000000,100.0000000000,0.1000000000,10.0000000000,50.0000000000
78.0000000000,78.0000000000,0.0000001458,50.0000000000,100.0000000000,0.1000000000,10.0000000000,50.0000000000
78.0000000000,79.0000000000,0.0000001898,50.0000000000,100.0000000000,0.1000000000,10.0000000000,50.0000000000
78.0000000000,80.0000000000,0.0000001701,50.0000000000,100.0000000000,0.1000000000,10.0000000000,50.0000000000
78.0000000000,81.0000000000,0.0000002677,50.0000000000,100.0000000000,0.1000000000,10.0000000000,50.0000000000
78.0000000000,82.0000000000,0.0000003724,50.0000000000,100.0000000000,0.1000000000,10.0000000000,50.0000000000
78.0000000000,83.0000000000,0.0000004867,50.0000000000,100.0000000000,0.1000000000,10.0000000000,50.0000000000
78.0000000000,84.0000000000,0.0000005904,50.0000000000,100.0000000000,0.1000000000,10.0000000000,50.0000000000
78.0000000000,85.0000000000,0.0000006084,50.0000000000,100.0000000000,0.1000000000,10.0000000000,50.0000000000
78.0000000000,86.0000000000,0.0000007000,50.0000000000,100.0000000000,0.1000000000,10.0000000000,50.0000000000
78.0000000000,87.0000000000,0.0000009164,50.0000000000,100.0000000000,0.1000000000,10.0000000000,50.0000000000
78.0000000000,88.0000000000,0.0000010279,50.0000000000,100.0000000000,0.1000000000,10.0000000000,50.0000000000
78.0000000000,89.0000000000,0.0000012600,50.0000000000,100.0000000000,0.1000000000,10.0000000000,50.0000000000
78.0000000000,90.0000000000,0.0000014746,50.0000000000,100.0000000000,0.1000000000,10.0000000000,50.0000000000
78.0000000000,91.0000000000,0.0000015471,50.0000000000,100.0000000000,0.1000000000,10.0000000000,50.0000000000
78.0000000000,92.0000000000,0.0000018007,50.0000000000,100.0000000000,0.1000000000,10.0000000000,50.0000000000
78.0000000000,93.0000000000,0.0000017747,50.0000000000,100.0000000000,0.1000000000,10.0000000000,50.0000000000
78.0000000000,94.0000000000,0.0000019608,50.0000000000,100.0000000000,0.1000000000,10.0000000000,50.0000000000
78.0000000000,95.0000000000,0.0000021061,50.0000000000,100.0000000000,0.1000000000,10.0000000000,50.0000000000
78.0000000000,96.0000000000,0.0000022381,50.0000000000,100.0000000000,0.1000000000,10.0000000000,50.0000000000
78.0000000000,97.0000000000,0.0000021692,50.0000000000,100.0000000000,0.1000000000,10.0000000000,50.0000000000
78.0000000000,98.0000000000,0.0000022990,50.0000000000,100.0000000000,0.1000000000,10.0000000000,50.0000000000
78.0000000000,99.0000000000,0.0000022862,50.0000000000,100.0000000000,0.1000000000,10.0000000000,50.0000000000
78.0000000000,100.0000000000,0.0000023105,50.0000000000,100.0000000000,0.1000000000,10.0000000000,50.0000000000
78.0000000000,101.0000000000,0.0000022433,50.0000000000,100.0000000000,0.1000000000,10.0000000000,50.0000000000
78.0000000000,102.0000000000,0.0000024069,50.0000000000,100.0000000000,0.1000000000,10.0000000000,50.0000000000
78.0000000000,103.0000000000,0.0000021542,50.0000000000,100.0000000000,0.1000000000,10.0000000000,50.0000000000
78.0000000000,104.0000000000,0.0000021627,50.0000000000,100.0000000000,0.1000000000,10.0000000000,50.0000000000
78.0000000000,105.0000000000,0.0000021453,50.0000000000,100.0000000000,0.1000000000,10.0000000000,50.0000000000
78.0000000000,106.0000000000,0.0000019705,50.0000000000,100.0000000000,0.1000000000,10.0000000000,50.0000000000
78.0000000000,107.0000000000,0.0000019785,50.0000000000,100.0000000000,0.1000000000,10.0000000000,50.0000000000
78.0000000000,108.0000000000,0.0000016098,50.0000000000,100.0000000000,0.1000000000,10.0000000000,50.0000000000
78.0000000000,109.0000000000,0.0000015268,50.0000000000,100.0000000000,0.1000000000,10.0000000000,50.0000000000
78.0000000000,110.0000000000,0.0000013954,50.0000000000,100.0000000000,0.1000000000,10.0000000000,50.0000000000
78.0000000000,111.0000000000,0.0000011904,50.0000000000,100.0000000000,0.1000000000,10.0000000000,50.0000000000
78.0000000000,112.0000000000,0.0000009093,50.0000000000,100.0000000000,0.1000000000,10.0000000000,50.0000000000
78.0000000000,113.0000000000,0.0000010231,50.0000000000,100.0000000000,0.1000000000,10.0000000000,50.0000000000
78.0000000000,114.0000000000,0.0000008530,50.0000000000,100.0000000000,0.1000000000,10.0000000000,50.0000000000
78.0000000000,115.0000000000,0.0000006527,50.0000000000,100.0000000000,0.1000000000,10.0000000000,50.0000000000
78.0000000000,116.0000000000,0.0000007076,50.0000000000,100.0000000000,0.1000000000,10.0000000000,50.0000000000
78.0000000000,117.0000000000,0.0000006544,50.0000000000,100.0000000000,0.1000000000,10.0000000000,50.0000000000
78.0000000000,118.0000000000,0.0000004707,50.0000000000,100.0000000000,0.1000000000,10.0000000000,50.0000000000
78.0000000000,119.0000000000,0.0000004357,50.0000000000,100.0000000000,0.1000000000,10.0000000000,50.0000000000
78.0000000000,120.0000000000,0.0000003527,50.0000000000,100.0000000000,0.1000000000,10.0000000000,50.0000000000
78.0000000000,121.0000000000,0.0000002872,50.0000000000,100.0000000000,0.1000000000,10.0000000000,50.0000000000
78.0000000000,122.0000000000,0.0000002067,50.0000000000,100.0000000000,0.1000000000,10.0000000000,50.0000000000
78.0000000000,123.0000000000,0.0000001919,50.0000000000,100.0000000000,0.1000000000,10.0000000000,50.0000000000
78.0000000000,124.0000000000,0.0000001309,50.0000000000,100.0000000000,0.1000000000,10.0000000000,50.0000000000
78.0000000000,125.0000000000,0.0000001334,50.0000000000,100.0000000000,0.1000000000,10.0000000000,50.0000000000
78.0000000000,126.0000000000,0.0000001441,50.0000000000,100.0000000000,0.1000000000,10.0000000000,50.0000000000
78.0000000000,127.0000000000,0.0000000701,50.0000000000,100.0000000000,0.1000000000,10.0000000000,50.0000000000
78.0000000000,128.0000000000,0.0000000558,50.0000000000,100.0000000000,0.1000000000,10.0000000000,50.0000000000
78.0000000000,129.0000000000,0.0000000250,50.0000000000,100.0000000000,0.1000000000,10.0000000000,50.0000000000
78.0000000000,130.0000000000,0.0000000491,50.0000000000,100.0000000000,0.1000000000,10.0000000000,50.0000000000
78.0000000000,131.0000000000,0.0000000290,50.0000000000,100.0000000000,0.1000000000,10.0000000000,50.0000000000
78.0000000000,132.0000000000,0.0000000256,50.0000000000,100.0000000000,0.1000000000,10.0000000000,50.0000000000
78.0000000000,133.0000000000,0.0000000172,50.0000000000,100.0000000000,0.1000000000,10.0000000000,50.0000000000
78.0000000000,134.0000000000,0.0000000173,50.0000000000,100.0000000000,0.1000000000,10.0000000000,50.0000000000
78.0000000000,135.0000000000,0.0000000105,50.0000000000,100.0000000000,0.1000000000,10.0000000000,50.0000000000
78.0000000000,136.0000000000,0.0000000052,50.0000000000,100.0000000000,0.1000000000,10.0000000000,50.0000000000
78.0000000000,137.0000000000,0.0000000148,50.0000000000,100.0000000000,0.1000000000,10.0000000000,50.0000000000
78.0000000000,138.0000000000,0.0000000003,50.0000000000,100.0000000000,0.1000000000,10.0000000000,50.0000000000
78.0000000000,140.0000000000,0.0000000058,50.0000000000,100.0000000000,0.1000000000,10.0000000000,50.0000000000
78.0000000000,141.0000000000,0.0000000030,50.0000000000,100.0000000000,0.1000000000,10.0000000000,50.0000000000
78.0000000000,142.0000000000,0.0000000074,50.0000000000,100.0000000000,0.1000000000,10.0000000000,50.0000000000
78.0000000000,143.0000000000,0.0000000006,50.0000000000,100.0000000000,0.1000000000,10.0000000000,50.0000000000
79.0000000000,70.0000000000,0.0000000224,50.0000000000,100.0000000000,0.1000000000,10.0000000000,50.0000000000
79.0000000000,71.0000000000,0.0000000051,50.0000000000,100.0000000000,0.1000000000,10.0000000000,50.0000000000
79.0000000000,72.0000000000,0.0000000071,50.0000000000,100.0000000000,0.1000000000,10.0000000000,50.0000000000
79.0000000000,73.0000000000,0.0000000120,50.0000000000,100.0000000000,0.1000000000,10.0000000000,50.0000000000
79.0000000000,74.0000000000,0.0000000128,50.0000000000,100.0000000000,0.1000000000,10.0000000000,50.0000000000
79.0000000000,75.0000000000,0.0000000215,50.0000000000,100.0000000000,0.1000000000,10.0000000000,50.0000000000
79.0000000000,76.0000000000,0.0000000329,50.0000000000,100.0000000000,0.1000000000,10.0000000000,50.0000000000
79.0000000000,77.0000000000,0.0000000591,50.0000000000,100.0000000000,0.1000000000,10.0000000000,50.0000000000
79.0000000000,78.0000000000,0.0000000952,50.0000000000,100.0000000000,0.1000000000,10.0000000000,50.0000000000
79.0000000000,79.0000000000,0.0000001157,50.0000000000,100.0000000000,0.1000000000,10.0000000000,50.0000000000
79.0000000000,80.0000000000,0.0000001314,50.0000000000,100.0000000000,0.1000000000,10.0000000000,50.0000000000
79.0000000000,81.0000000000,0.0000001490,50.0000000000,100.0000000000,0.1000000000,10.0000000000,50.0000000000
79.0000000000,82.0000000000,0.0000002498,50.0000000000,100.0000000000,0.1000000000,10.0000000000,50.0000000000
79.0000000000,83.0000000000,0.0000003256,50.0000000000,100.0000000000,0.1000000000,10.0000000000,50.0000000000
79.0000000000,84.0000000000,0.0000003935,50.0000000000,100.0000000000,0.1000000000,10.0000000000,50.0000000000
79.0000000000,85.0000000000,0.0000004122,50.0000000000,100.0000000000,0.1000000000,10.0000000000,50.0000000000
79.0000000000,86.0000000000,0.0000005274,50.0000000000,100.0000000000,0.1000000000,10.0000000000,50.0000000000
79.0000000000,87.0000000000,0.0000005116,50.0000000000,100.0000000000,0.1000000000,10.0000000000,50.0000000000
79.0000000000,88.0000000000,0.0000006601,50.0000000000,100.0000000000,0.1000000000,10.0000000000,50.0000000000
79.0000000000,89.0000000000,0.0000008416,50.0000000000,100.0000000000,0.1000000000,10.0000000000,50.0000000000
79.0000000000,90.0000000000,0.0000009814,50.0000000000,100.0000000000,0.1000000000,10.0000000000,50.0000000000
79.0000000000,91.0000000000,0.0000009470,50.0000000000,100.0000000000,0.1000000000,10.0000000000,50.0000000000
79.0000000000,92.0000000000,0.0000011317,50.0000000000,100.0000000000,0.1000000000,10.0000000000,50.0000000000
79.0000000000,93.0000000000,0.0000012544,50.0000000000,100.0000000000,0.1000000000,10.0000000000,50.0000000000
79.0000000000,94.0000000000,0.0000013298,50.0000000000,100.0000000000,0.1000000000,10.0000000000,50.0000000000
79.0000000000,95.0000000000,0.0000014060,50.0000000000,100.0000000000,0.1000000000,10.0000000000,50.0000000000
79.0000000000,96.0000000000,0.0000014491,50.0000000000,100.0000000000,0.1000000000,10.0000000000,50.0000000000
79.0000000000,97.0000000000,0.0000015725,50.0000000000,100.0000000000,0.1000000000,10.0000000000,50.0000000000
79.0000000000,98.0000000000,0.0000016672,50.0000000000,100.0000000000,0.1000000000,10.0000000000,50.0000000000
79.0000000000,99.0000000000,0.0000015546,50.0000000000,100.0000000000,0.1000000000,10.0000000000,50.0000000000
79.0000000000,100.0000000000,0.0000015163,50.0000000000,100.0000000000,0.1000000000,10.0000000000,50.0000000000
79.0000000000,101.0000000000,0.0000013492,50.0000000000,100.0000000000,0.1000000000,10.0000000000,50.0000000000
79.0000000000,102.0000000000,0.0000014960,50.0000000000,100.0000000000,0.1000000000,10.0000000000,50.0000000000
79.0000000000,103.0000000000,0.0000013609,50.0000000000,100.0000000000,0.1000000000,10.0000000000,50.0000000000
79.0000000000,104.0000000000,0.0000013168,50.0000000000,100.0000000000,0.1000000000,10.0000000000,50.0000000000
79.0000000000,105.0000000000,0.0000013850,50.0000000000,100.0000000000,0.1000000000,10.0000000000,50.0000000000
79.0000000000,106.0000000000,0.0000012839,50.0000000000,100.0000000000,0.1000000000,10.0000000000,50.0000000000
79.0000000000,107.0000000000,0.0000012335,50.0000000000,100.0000000000,0.1000000000,10.0000000000,50.0000000000
79.0000000000,108.0000000000,0.0000010537,50.0000000000,100.0000000000,0.1000000000,10.0000000000,50.0000000000
79.0000000000,109.0000000000,0.0000009841,50.0000000000,100.0000000000,0.1000000000,10.0000000000,50.0000000000
79.0000000000,110.0000000000,0.0000009062,50.0000000000,100.0000000000,0.1000000000,10.0000000000,50.0000000000
79.0000000000,111.0000000000,0.0000007126,50.0000000000,100.0000000000,0.1000000000,10.0000000000,50.0000000000
79.0000000000,112.0000000000,0.0000005900,50.0000000000,100.0000000000,0.1000000000,10.0000000000,50.0000000000
79.0000000000,113.0000000000,0.0000005988,50.0000000000,100.0000000000,0.1000000000,10.0000000000,50.0000000000
79.0000000000,114.0000000000,0.0000005635,50.0000000000,100.0000000000,0.1000000000,10.0000000000,50.0000000000
79.0000000000,115.0000000000,0.0000004219,50.0000000000,100.0000000000,0.1000000000,10.0000000000,50.0000000000
79.0000000000,116.0000000000,0.0000004491,50.0000000000,100.0000000000,0.1000000000,10.0000000000,50.0000000000
79.0000000000,117.0000000000,0.0000004288,50.0000000000,100.0000000000,0.1000000000,10.0000000000,50.0000000000
79.0000000000,118.0000000000,0.0000003057,50.0000000000,100.0000000000,0.1000000000,10.0000000000,50.0000000000
79.0000000000,119.0000000000,0.0000002758,50.0000000000,100.0000000000,0.1000000000,10.0000000000,50.0000000000
79.0000000000,120.0000000000,0.0000002738,50.0000000000,100.0000000000,0.1000000000,10.0000000000,50.0000000000
79.0000000000,121.0000000000,0.0000002072,50.0000000000,100.0000000000,0.1000000000,10.0000000000,50.0000000000
79.0000000000,122.0000000000,0.0000001481,50.0000000000,100.0000000000,0.1000000000,10.0000000000,50.0000000000
79.0000000000,123.0000000000,0.0000001058,50.0000000000,100.0000000000,0.1000000000,10.0000000000,50.0000000000
79.0000000000,124.0000000000,0.0000000619,50.0000000000,100.0000000000,0.1000000000,10.0000000000,50.0000000000
79.0000000000,125.0000000000,0.0000000690,50.0000000000,100.0000000000,0.1000000000,10.0000000000,50.0000000000
79.0000000000,126.0000000000,0.0000000662,50.0000000000,100.0000000000,0.1000000000,10.0000000000,50.0000000000
79.0000000000,127.0000000000,0.0000000431,50.0000000000,100.0000000000,0.1000000000,10.0000000000,50.0000000000
79.0000000000,128.0000000000,0.0000000322,50.0000000000,100.0000000000,0.1000000000,10.0000000000,50.0000000000
79.0000000000,129.0000000000,0.0000000206,50.0000000000,100.0000000000,0.1000000000,10.0000000000,50.0000000000
79.0000000000,130.0000000000,0.0000000214,50.0000000000,100.0000000000,0.1000000000,10.0000000000,50.0000000000
79.0000000000,131.0000000000,0.0000000167,50.0000000000,100.0000000000,0.1000000000,10.0000000000,50.0000000000
79.0000000000,132.0000000000,0.0000000144,50.0000000000,100.0000000000,0.1000000000,10.0000000000,50.0000000000
79.0000000000,133.0000000000,0.0000000138,50.0000000000,100.0000000000,0.1000000000,10.0000000000,50.0000000000
79.0000000000,134.0000000000,0.0000000201,50.0000000000,100.0000000000,0.1000000000,10.0000000000,50.0000000000
79.0000000000,135.0000000000,0.0000000083,50.0000000000,100.0000000000,0.1000000000,10.0000000000,50.0000000000
79.0000000000,137.0000000000,0.0000000047,50.0000000000,100.0000000000,0.1000000000,10.0000000000,50.0000000000
79.0000000000,138.0000000000,0.0000000044,50.0000000000,100.0000000000,0.1000000000,10.0000000000,50.0000000000
79.0000000000,141.0000000000,0.0000000007,50.0000000000,100.0000000000,0.1000000000,10.0000000000,50.0000000000
79.0000000000,142.0000000000,0.0000000028,50.0000000000,100.0000000000,0.1000000000,10.0000000000,50.0000000000
79.0000000000,143.0000000000,0.0000000023,50.0000000000,100.0000000000,0.1000000000,10.0000000000,50.0000000000
80.0000000000,70.0000000000,0.0000000057,50.0000000000,100.0000000000,0.1000000000,10.0000000000,50.0000000000
80.0000000000,71.0000000000,0.0000000071,50.0000000000,100.0000000000,0.1000000000,10.0000000000,50.0000000000
80.0000000000,72.0000000000,0.0000000058,50.0000000000,100.0000000000,0.1000000000,10.0000000000,50.0000000000
80.0000000000,73.0000000000,0.0000000152,50.0000000000,100.0000000000,0.1000000000,10.0000000000,50.0000000000
80.0000000000,74.0000000000,0.0000000136,50.0000000000,100.0000000000,0.1000000000,10.0000000000,50.0000000000
80.0000000000,75.0000000000,0.0000000097,50.0000000000,100.0000000000,0.1000000000,10.0000000000,50.0000000000
80.0000000000,76.0000000000,0.0000000287,50.0000000000,100.0000000000,0.1000000000,10.0000000000,50.0000000000
80.0000000000,77.0000000000,0.0000000251,50.0000000000,100.0000000000,0.1000000000,10.0000000000,50.0000000000
80.0000000000,78.0000000000,0.0000000805,50.0000000000,100.0000000000,0.1000000000,10.0000000000,50.0000000000
80.0000000000,79.0000000000,0.0000000929,50.0000000000,100.0000000000,0.1000000000,10.0000000000,50.0000000000
80.0000000000,80.0000000000,0.0000000614,50.0000000000,100.0000000000,0.1000000000,10.0000000000,50.0000000000
80.0000000000,81.0000000000,0.0000000767,50.0000000000,100.0000000000,0.1000000000,10.0000000000,50.0000000000
80.0000000000,82.0000000000,0.0000001462,50.0000000000,100.0000000000,0.1000000000,10.0000000000,50.0000000000
80.0000000000,83.0000000000,0.0000001764,50.0000000000,100.0000000000,0.1000000000,10.0000000000,50.0000000000
80.0000000000,84.0000000000,0.0000002036,50.0000000000,100.0000000000,0.1000000000,10.0000000000,50.0000000000
80.0000000000,85.0000000000,0.0000003198,50.0000000000,100.0000000000,0.1000000000,10.0000000000,50.0000000000
80.0000000000,86.0000000000,0.0000003401,50.0000000000,100.0000000000,0.1000000000,10.0000000000,50.0000000000
80.0000000000,87.0000000000,0.0000003021,50.0000000000,100.0000000000,0.1000000000,10.0000000000,50.0000000000
80.0000000000,88.0000000000,0.0000004097,50.0000000000,100.0000000000,0.1000000000,10.0000000000,50.0000000000
80.0000000000,89.0000000000,0.0000004336,50.0000000000,100.0000000000,0.1000000000,10.0000000000,50.0000000000
80.0000000000,90.0000000000,0.0000005991,50.0000000000,100.0000000000,0.1000000000,10.0000000000,50.0000000000
80.0000000000,91.0000000000,0.0000006616,50.0000000000,100.0000000000,0.1000000000,10.0000000000,50.0000000000
80.0000000000,92.0000000000,0.0000006668,50.0000000000,100.0000000000,0.1000000000,10.0000000000,50.0000000000
80.0000000000,93.0000000000,0.0000007961,50.0000000000,100.0000000000,0.1000000000,10.0000000000,50.0000000000
80.0000000000,94.0000000000,0.0000007601,50.0000000000,100.0000000000,0.1000000000,10.0000000000,50.0000000000
80.0000000000,95.0000000000,0.0000007825,50.0000000000,100.0000000000,0.1000000000,10.0000000000,50.0000000000
80.0000000000,96.0000000000,0.0000008101,50.0000000000,100.0000000000,0.1000000000,10.0000000000,50.0000000000
80.0000000000,97.0000000000,0.0000009678,50.0000000000,100.0000000000,0.1000000000,10.0000000000,50.0000000000
80.0000000000,98.0000000000,0.0000010055,50.0000000000,100.0000000000,0.1000000000,10.0000000000,50.0000000000
80.0000000000,99.0000000000,0.0000010696,50.0000000000,100.0000000000,0.1000000000,10.0000000000,50.0000000000
80.0000000000,100.0000000000,0.0000009183,50.0000000000,100.0000000000,0.1000000000,10.0000000000,50.0000000000
80.0000000000,101.0000000000,0.0000009872,50.0000000000,100.0000000000,0.1000000000,10.0000000000,50.0000000000
80.0000000000,102.0000000000,0.0000009231,50.0000000000,100.0000000000,0.1000000000,10.0000000000,50.0000000000
80.0000000000,103.0000000000,0.0000008746,50.0000000000,100.0000000000,0.1000000000,10.0000000000,50.0000000000
80.0000000000,104.0000000000,0.0000008211,50.0000000000,100.0000000000,0.1000000000,10.0000000000,50.0000000000
80.0000000000,105.0000000000,0.0000007786,50.0000000000,100.0000000000,0.1000000000,10.0000000000,50.0000000000
80.0000000000,106.0000000000,0.0000007619,50.0000000000,100.0000000000,0.1000000000,10.0000000000,50.0000000000
80.0000000000,107.0000000000,0.0000006843,50.0000000000,100.0000000000,0.1000000000,10.0000000000,50.0000000000
80.0000000000,108.0000000000,0.0000006245,50.0000000000,100.0000000000,0.1000000000,10.0000000000,50.0000000000
80.0000000000,109.0000000000,0.0000006549,50.0000000000,100.0000000000,0.1000000000,10.0000000000,50.0000000000
80.0000000000,110.0000000000,0.0000006056,50.0000000000,100.0000000000,0.1000000000,10.0000000000,50.0000000000
80.0000000000,111.0000000000,0.0000005239,50.0000000000,100.0000000000,0.1000000000,10.0000000000,50.0000000000
80.0000000000,112.0000000000,0.0000004156,50.0000000000,100.0000000000,0.1000000000,10.0000000000,50.0000000000
80.0000000000,113.0000000000,0.0000003338,50.0000000000,100.0000000000,0.1000000000,10.0000000000,50.0000000000
80.0000000000,114.0000000000,0.0000003812,50.0000000000,100.0000000000,0.1000000000,10.0000000000,50.0000000000
80.0000000000,115.0000000000,0.0000002741,50.0000000000,100.0000000000,0.1000000000,10.0000000000,50.0000000000
80.0000000000,116.0000000000,0.0000002240,50.0000000000,100.0000000000,0.1000000000,10.0000000000,50.0000000000
80.0000000000,117.0000000000,0.0000002736,50.0000000000,100.0000000000,0.1000000000,10.0000000000,50.0000000000
80.0000000000,118.0000000000,0.0000002057,50.0000000000,100.0000000000,0.1000000000,10.0000000000,50.0000000000
80.0000000000,119.0000000000,0.0000001620,50.0000000000,100.0000000000,0.1000000000,10.0000000000,50.0000000000
80.0000000000,120.0000000000,0.0000001505,50.0000000000,100.0000000000,0.1000000000,10.0000000000,50.0000000000
80.0000000000,121.0000000000,0.0000000883,50.0000000000,100.0000000000,0.1000000000,10.0000000000,50.0000000000
80.0000000000,122.0000000000,0.0000000628,50.0000000000,100.0000000000,0.1000000000,10.0000000000,50.0000000000
80.0000000000,123.0000000000,0.0000000674,50.0000000000,100.0000000000,0.1000000000,10.0000000000,50.0000000000
80.0000000000,124.0000000000,0.0000000632,50.0000000000,100.0000000000,0.1000000000,10.0000000000,50.0000000000
80.0000000000,125.0000000000,0.0000000598,50.0000000000,100.0000000000,0.1000000000,10.0000000000,50.0000000000
80.0000000000,126.0000000000,0.0000000392,50.0000000000,100.0000000000,0.1000000000,10.0000000000,50.0000000000
80.0000000000,127.0000000000,0.0000000197,50.0000000000,100.0000000000,0.1000000000,10.0000000000,50.0000000000
80.0000000000,128.0000000000,0.0000000196,50.0000000000,100.0000000000,0.1000000000,10.0000000000,50.0000000000
80.0000000000,129.0000000000,0.0000000124,50.0000000000,100.0000000000,0.1000000000,10.0000000000,50.0000000000
80.0000000000,130.0000000000,0.0000000163,50.0000000000,100.0000000000,0.1000000000,10.0000000000,50.0000000000
80.0000000000,131.0000000000,0.0000000013,50.0000000000,100.0000000000,0.1000000000,10.0000000000,50.0000000000
80.0000000000,132.0000000000,0.0000000076,50.0000000000,100.0000000000,0.1000000000,10.0000000000,50.0000000000
80.0000000000,133.0000000000,0.0000000035,50.0000000000,100.0000000000,0.1000000000,10.0000000000,50.0000000000
80.0000000000,134.0000000000,0.0000000040,50.0000000000,100.0000000000,0.1000000000,10.0000000000,50.0000000000
80.0000000000,135.0000000000,0.0000000052,50.0000000000,100.0000000000,0.1000000000,10.0000000000,50.0000000000
80.0000000000,136.0000000000,0.0000000059,50.0000000000,100.0000000000,0.1000000000,10.0000000000,50.0000000000
80.0000000000,137.0000000000,0.0000000046,50.0000000000,100.0000000000,0.1000000000,10.0000000000,50.0000000000
80.0000000000,138.0000000000,0.0000000010,50.0000000000,100.0000000000,0.1000000000,10.0000000000,50.0000000000
80.0000000000,142.0000000000,0.0000000040,50.0000000000,100.0000000000,0.1000000000,10.0000000000,50.0000000000
81.0000000000,70.0000000000,0.0000000027,50.0000000000,100.0000000000,0.1000000000,10.0000000000,50.0000000000
81.0000000000,71.0000000000,0.0000000001,50.0000000000,100.0000000000,0.1000000000,10.0000000000,50.0000000000
81.0000000000,72.0000000000,0.0000000005,50.0000000000,100.0000000000,0.1000000000,10.0000000000,50.0000000000
81.0000000000,73.0000000000,0.0000000150,50.0000000000,100.0000000000,0.1000000000,10.0000000000,50.0000000000
81.0000000000,74.0000000000,0.0000000105,50.0000000000,100.0000000000,0.1000000000,10.0000000000,50.0000000000
81.0000000000,75.0000000000,0.0000000030,50.0000000000,100.0000000000,0.1000000000,10.0000000000,50.0000000000
81.0000000000,76.0000000000,0.0000000063,50.0000000000,100.0000000000,0.1000000000,10.0000000000,50.0000000000
81.0000000000,77.0000000000,0.0000000104,50.0000000000,100.0000000000,0.1000000000,10.0000000000,50.0000000000
81.0000000000,78.0000000000,0.0000000583,50.0000000000,100.0000000000,0.1000000000,10.0000000000,50.0000000000
81.0000000000,79.0000000000,0.0000000867,50.0000000000,100.0000000000,0.1000000000,10.0000000000,50.0000000000
81.0000000000,80.0000000000,0.0000000279,50.0000000000,100.0000000000,0.1000000000,10.0000000000,50.0000000000
81.0000000000,81.0000000000,0.0000000502,50.0000000000,100.0000000000,0.1000000000,10.0000000000,50.0000000000
81.0000000000,82.0000000000,0.0000000605,50.0000000000,100.0000000000,0.1000000000,10.0000000000,50.0000000000
81.0000000000,83.0000000000,0.0000000915,50.0000000000,100.0000000000,0.1000000000,10.0000000000,50.0000000000
81.0000000000,84.0000000000,0.0000001143,50.0000000000,100.0000000000,0.1000000000,10.0000000000,50.0000000000
81.0000000000,85.0000000000,0.0000001568,50.0000000000,100.0000000000,0.1000000000,10.0000000000,50.0000000000
81.0000000000,86.0000000000,0.0000001906,50.0000000000,100.0000000000,0.1000000000,10.0000000000,50.0000000000
81.0000000000,87.0000000000,0.0000001941,50.0000000000,100.0000000000,0.1000000000,10.0000000000,50.0000000000
81.0000000000,88.0000000000,0.0000002183,50.0000000000,100.0000000000,0.1000000000,10.0000000000,50.0000000000
81.0000000000,89.0000000000,0.0000002452,50.0000000000,100.0000000000,0.1000000000,10.0000000000,50.0000000000
81.0000000000,90.0000000000,0.0000004324,50.0000000000,100.0000000000,0.1000000000,10.0000000000,50.0000000000
81.0000000000,91.0000000000,0.0000004276,50.0000000000,100.0000000000,0.1000000000,10.0000000000,50.0000000000
81.0000000000,92.0000000000,0.0000003968,50.0000000000,100.0000000000,0.1000000000,10.0000000000,50.0000000000
81.0000000000,93.0000000000,0.0000004757,50.0000000000,100.0000000000,0.1000000000,10.0000000000,50.0000000000
81.0000000000,94.0000000000,0.0000004018,50.0000000000,100.0000000000,0.1000000000,10.0000000000,50.0000000000
81.0000000000,95.0000000000,0.0000004581,50.0000000000,100.0000000000,0.1000000000,10.0000000000,50.0000000000
81.0000000000,96.0000000000,0.0000004604,50.0000000000,100.0000000000,0.1000000000,10.0000000000,50.0000000000
81.0000000000,97.0000000000,0.0000006455,50.0000000000,100.0000000000,0.1000000000,10.0000000000,50.0000000000
81.0000000000,98.0000000000,0.0000006888,50.0000000000,100.0000000000,0.1000000000,10.0000000000,50.0000000000
81.0000000000,99.0000000000,0.0000006103,50.0000000000,100.0000000000,0.1000000000,10.0000000000,50.0000000000
81.0000000000,100.0000000000,0.0000006537,50.0000000000,100.0000000000,0.1000000000,10.0000000000,50.0000000000
81.0000000000,101.0000000000,0.0000006031,50.0000000000,100.0000000000,0.1000000000,10.0000000000,50.0000000000
81.0000000000,102.0000000000,0.0000005593,50.0000000000,100.0000000000,0.1000000000,10.0000000000,50.0000000000
81.0000000000,103.0000000000,0.0000005617,50.0000000000,100.0000000000,0.1000000000,10.0000000000,50.0000000000
81.0000000000,104.0000000000,0.0000005287,50.0000000000,100.0000000000,0.1000000000,10.0000000000,50.0000000000
81.0000000000,105.0000000000,0.0000005078,50.0000000000,100.0000000000,0.1000000000,10.0000000000,50.0000000000
81.0000000000,106.0000000000,0.0000004478,50.0000000000,100.0000000000,0.1000000000,10.0000000000,50.0000000000
81.0000000000,107.0000000000,0.0000003891,50.0000000000,100.0000000000,0.1000000000,10.0000000000,50.0000000000
81.0000000000,108.0000000000,0.0000003824,50.0000000000,100.0000000000,0.1000000000,10.0000000000,50.0000000000
81.0000000000,109.0000000000,0.0000003395,50.0000000000,100.0000000000,0.1000000000,10.0000000000,50.0000000000
81.0000000000,110.0000000000,0.0000003311,50.0000000000,100.0000000000,0.1000000000,10.0000000000,50.0000000000
81.0000000000,111.0000000000,0.0000003109,50.0000000000,100.0000000000,0.1000000000,10.0000000000,50.0000000000
81.0000000000,112.0000000000,0.0000002873,50.0000000000,100.0000000000,0.1000000000,10.0000000000,50.0000000000
81.0000000000,113.0000000000,0.0000002394,50.0000000000,100.0000000000,0.1000000000,10.0000000000,50.0000000000
81.0000000000,114.0000000000,0.0000002050,50.0000000000,100.0000000000,0.1000000000,10.0000000000,50.0000000000
81.0000000000,115.0000000000,0.0000001469,50.0000000000,100.0000000000,0.1000000000,10.0000000000,50.0000000000
81.0000000000,116.0000000000,0.0000001684,50.0000000000,100.0000000000,0.1000000000,10.0000000000,50.0000000000
81.0000000000,117.0000000000,0.0000001492,50.0000000000,100.0000000000,0.1000000000,10.0000000000,50.0000000000
81.0000000000,118.0000000000,0.0000001484,50.0000000000,100.0000000000,0.1000000000,10.0000000000,50.0000000000
81.0000000000,119.0000000000,0.0000001069,50.0000000000,100.0000000000,0.1000000000,10.0000000000,50.0000000000
81.0000000000,120.0000000000,0.0000000883,50.0000000000,100.0000000000,0.1000000000,10.0000000000,50.0000000000
81.0000000000,121.0000000000,0.0000000717,50.0000000000,100.0000000000,0.1000000000,10.0000000000,50.0000000000
81.0000000000,122.0000000000,0.0000000542,50.0000000000,100.0000000000,0.1000000000,10.0000000000,50.0000000000
81.0000000000,123.0000000000,0.0000000515,50.0000000000,100.0000000000,0.1000000000,10.0000000000,50.0000000000
81.0000000000,124.0000000000,0.0000000302,50.0000000000,100.0000000000,0.1000000000,10.0000000000,50.0000000000
81.0000000000,125.0000000000,0.0000000278,50.0000000000,100.0000000000,0.1000000000,10.0000000000,50.0000000000
81.0000000000,126.0000000000,0.0000000500,50.0000000000,100.0000000000,0.1000000000,10.0000000000,50.0000000000
81.0000000000,127.0000000000,0.0000000117,50.0000000000,100.0000000000,0.1000000000,10.0000000000,50.0000000000
81.0000000000,128.0000000000,0.0000000123,50.0000000000,100.0000000000,0.1000000000,10.0000000000,50.0000000000
81.0000000000,129.0000000000,0.0000000020,50.0000000000,100.0000000000,0.1000000000,10.0000000000,50.0000000000
81.0000000000,130.0000000000,0.0000000055,50.0000000000,100.0000000000,0.1000000000,10.0000000000,50.0000000000
81.0000000000,132.0000000000,0.0000000073,50.0000000000,100.0000000000,0.1000000000,10.0000000000,50.0000000000
81.0000000000,133.0000000000,0.0000000108,50.0000000000,100.0000000000,0.1000000000,10.0000000000,50.0000000000
81.0000000000,134.0000000000,0.0000000020,50.0000000000,100.0000000000,0.1000000000,10.0000000000,50.0000000000
81.0000000000,135.0000000000,0.0000000050,50.0000000000,100.0000000000,0.1000000000,10.0000000000,50.0000000000
81.0000000000,136.0000000000,0.0000000000,50.0000000000,100.0000000000,0.1000000000,10.0000000000,50.0000000000
81.0000000000,137.0000000000,0.0000000114,50.0000000000,100.0000000000,0.1000000000,10.0000000000,50.0000000000
81.0000000000,138.0000000000,0.0000000020,50.0000000000,100.0000000000,0.1000000000,10.0000000000,50.0000000000
82.0000000000,70.0000000000,0.0000000026,50.0000000000,100.0000000000,0.1000000000,10.0000000000,50.0000000000
82.0000000000,73.0000000000,0.0000000032,50.0000000000,100.0000000000,0.1000000000,10.0000000000,50.0000000000
82.0000000000,74.0000000000,0.0000000138,50.0000000000,100.0000000000,0.1000000000,10.0000000000,50.0000000000
82.0000000000,75.0000000000,0.0000000060,50.0000000000,100.0000000000,0.1000000000,10.0000000000,50.0000000000
82.0000000000,76.0000000000,0.0000000049,50.0000000000,100.0000000000,0.1000000000,10.0000000000,50.0000000000
82.0000000000,77.0000000000,0.0000000115,50.0000000000,100.0000000000,0.1000000000,10.0000000000,50.0000000000
82.0000000000,78.0000000000,0.0000000321,50.0000000000,100.0000000000,0.1000000000,10.0000000000,50.0000000000
82.0000000000,79.0000000000,0.0000000379,50.0000000000,100.0000000000,0.1000000000,10.0000000000,50.0000000000
82.0000000000,80.0000000000,0.0000000251,50.0000000000,100.0000000000,0.1000000000,10.0000000000,50.0000000000
82.0000000000,81.0000000000,0.0000000141,50.0000000000,100.0000000000,0.1000000000,10.0000000000,50.0000000000
82.0000000000,82.0000000000,0.0000000221,50.0000000000,100.0000000000,0.1000000000,10.0000000000,50.0000000000
82.0000000000,83.0000000000,0.0000000510,50.0000000000,100.0000000000,0.1000000000,10.0000000000,50.0000000000
82.0000000000,84.0000000000,0.0000000604,50.0000000000,100.0000000000,0.1000000000,10.0000000000,50.0000000000
82.0000000000,85.0000000000,0.0000000917,50.0000000000,100.0000000000,0.1000000000,10.0000000000,50.0000000000
82.0000000000,86.0000000000,0.0000001043,50.0000000000,100.0000000000,0.1000000000,10.0000000000,50.0000000000
82.0000000000,87.0000000000,0.0000000952,50.0000000000,100.0000000000,0.1000000000,10.0000000000,50.0000000000
82.0000000000,88.0000000000,0.0000001330,50.0000000000,100.0000000000,0.1000000000,10.0000000000,50.0000000000
82.0000000000,89.0000000000,0.0000001788,50.0000000000,100.0000000000,0.1000000000,10.0000000000,50.0000000000
82.0000000000,90.0000000000,0.0000002348,50.0000000000,100.0000000000,0.1000000000,10.0000000000,50.0000000000
82.0000000000,91.0000000000,0.0000002005,50.0000000000,100.0000000000,0.1000000000,10.0000000000,50.0000000000
82.0000000000,92.0000000000,0.0000002892,50.0000000000,100.0000000000,0.1000000000,10.0000000000,50.0000000000
82.0000000000,93.0000000000,0.0000002551,50.0000000000,100.0000000000,0.1000000000,10.0000000000,50.0000000000
82.0000000000,94.0000000000,0.0000003122,50.0000000000,100.0000000000,0.1000000000,10.0000000000,50.0000000000
82.0000000000,95.0000000000,0.0000002745,50.0000000000,100.0000000000,0.1000000000,10.0000000000,50.0000000000
82.0000000000,96.0000000000,0.0000003487,50.0000000000,100.0000000000,0.1000000000,10.0000000000,50.0000000000
82.0000000000,97.0000000000,0.0000003875,50.0000000000,100.0000000000,0.1000000000,10.0000000000,50.0000000000
82.0000000000,98.0000000000,0.0000003664,50.0000000000,100.0000000000,0.1000000000,10.0000000000,50.0000000000
82.0000000000,99.0000000000,0.0000004532,50.0000000000,100.0000000000,0.1000000000,10.0000000000,50.0000000000
82.0000000000,100.0000000000,0.0000004121,50.0000000000,100.0000000000,0.1000000000,10.0000000000,50.0000000000
82.0000000000,101.0000000000,0.0000003287,50.0000000000,100.0000000000,0.1000000000,10.0000000000,50.0000000000
82.0000000000,102.0000000000,0.0000003294,50.0000000000,100.0000000000,0.1000000000,10.0000000000,50.0000000000
82.0000000000,103.0000000000,0.0000003589,50.0000000000,100.0000000000,0.1000000000,10.0000000000,50.0000000000
82.0000000000,104.0000000000,0.0000003183,50.0000000000,100.0000000000,0.1000000000,10.0000000000,50.0000000000
82.0000000000,105.0000000000,0.0000003181,50.0000000000,100.0000000000,0.1000000000,10.0000000000,50.0000000000
82.0000000000,106.0000000000,0.0000002872,50.0000000000,100.0000000000,0.1000000000,10.0000000000,50.0000000000
82.0000000000,107.0000000000,0.0000002779,50.0000000000,100.0000000000,0.1000000000,10.0000000000,50.0000000000
82.0000000000,108.0000000000,0.0000002207,50.0000000000,100.0000000000,0.1000000000,10.0000000000,50.0000000000
82.0000000000,109.0000000000,0.0000001979,50.0000000000,100.0000000000,0.1000000000,10.0000000000,50.0000000000
82.0000000000,110.0000000000,0.0000001944,50.0000000000,100.0000000000,0.1000000000,10.0000000000,50.0000000000
82.0000000000,111.0000000000,0.0000001705,50.0000000000,100.0000000000,0.1000000000,10.0000000000,50.0000000000
82.0000000000,112.0000000000,0.0000001824,50.0000000000,100.0000000000,0.1000000000,10.0000000000,50.0000000000
82.0000000000,113.0000000000,0.0000001750,50.0000000000,100.0000000000,0.1000000000,10.0000000000,50.0000000000
82.0000000000,114.0000000000,0.0000001027,50.0000000000,100.0000000000,0.1000000000,10.0000000000,50.0000000000
82.0000000000,115.0000000000,0.0000000882,50.0000000000,100.0000000000,0.1000000000,10.0000000000,50.0000000000
82.0000000000,116.0000000000,0.0000001142,50.0000000000,100.0000000000,0.1000000000,10.0000000000,50.0000000000
82.0000000000,117.0000000000,0.0000000934,50.0000000000,100.0000000000,0.1000000000,10.0000000000,50.0000000000
82.0000000000,118.0000000000,0.0000000736,50.0000000000,100.0000000000,0.1000000000,10.0000000000,50.0000000000
82.0000000000,119.0000000000,0.0000000925,50.0000000000,100.0000000000,0.1000000000,10.0000000000,50.0000000000
82.0000000000,120.0000000000,0.0000000699,50.0000000000,100.0000000000,0.1000000000,10.0000000000,50.0000000000
82.0000000000,121.0000000000,0.0000000411,50.0000000000,100.0000000000,0.1000000000,10.0000000000,50.0000000000
82.0000000000,122.0000000000,0.0000000551,50.0000000000,100.0000000000,0.1000000000,10.0000000000,50.0000000000
82.0000000000,123.0000000000,0.0000000208,50.0000000000,100.0000000000,0.1000000000,10.0000000000,50.0000000000
82.0000000000,124.0000000000,0.0000000170,50.0000000000,100.0000000000,0.1000000000,10.0000000000,50.0000000000
82.0000000000,125.0000000000,0.0000000239,50.0000000000,100.0000000000,0.1000000000,10.0000000000,50.0000000000
82.0000000000,126.0000000000,0.0000000129,50.0000000000,100.0000000000,0.1000000000,10.0000000000,50.0000000000
82.0000000000,127.0000000000,0.0000000076,50.0000000000,100.0000000000,0.1000000000,10.0000000000,50.0000000000
82.0000000000,128.0000000000,0.0000000009,50.0000000000,100.0000000000,0.1000000000,10.0000000000,50.0000000000
82.0000000000,130.0000000000,0.0000000003,50.0000000000,100.0000000000,0.1000000000,10.0000000000,50.0000000000
82.0000000000,133.0000000000,0.0000000001,50.0000000000,100.0000000000,0.1000000000,10.0000000000,50.0000000000
82.0000000000,135.0000000000,0.0000000006,50.0000000000,100.0000000000,0.1000000000,10.0000000000,50.0000000000
82.0000000000,137.0000000000,0.0000000097,50.0000000000,100.0000000000,0.1000000000,10.0000000000,50.0000000000
83.0000000000,73.0000000000,0.0000000085,50.0000000000,100.0000000000,0.1000000000,10.0000000000,50.0000000000
83.0000000000,74.0000000000,0.0000000106,50.0000000000,100.0000000000,0.1000000000,10.0000000000,50.0000000000
83.0000000000,75.0000000000,0.0000000133,50.0000000000,100.0000000000,0.1000000000,10.0000000000,50.0000000000
83.0000000000,76.0000000000,0.0000000044,50.0000000000,100.0000000000,0.1000000000,10.0000000000,50.0000000000
83.0000000000,77.0000000000,0.0000000076,50.0000000000,100.0000000000,0.1000000000,10.0000000000,50.0000000000
83.0000000000,78.0000000000,0.0000000062,50.0000000000,100.0000000000,0.1000000000,10.0000000000,50.0000000000
83.0000000000,79.0000000000,0.0000000137,50.0000000000,100.0000000000,0.1000000000,10.0000000000,50.0000000000
83.0000000000,80.0000000000,0.0000000164,50.0000000000,100.0000000000,0.1000000000,10.0000000000,50.0000000000
83.0000000000,81.0000000000,0.0000000147,50.0000000000,100.0000000000,0.1000000000,10.0000000000,50.0000000000
83.0000000000,82.0000000000,0.0000000232,50.0000000000,100.0000000000,0.1000000000,10.0000000000,50.0000000000
83.0000000000,83.0000000000,0.0000000226,50.0000000000,100.0000000000,0.1000000000,10.0000000000,50.0000000000
83.0000000000,84.0000000000,0.0000000287,50.0000000000,100.0000000000,0.1000000000,10.0000000000,50.0000000000
83.0000000000,85.0000000000,0.0000000485,50.0000000000,100.0000000000,0.1000000000,10.0000000000,50.0000000000
83.0000000000,86.0000000000,0.0000000436,50.0000000000,100.0000000000,0.1000000000,10.0000000000,50.0000000000
83.0000000000,87.0000000000,0.0000000646,50.0000000000,100.0000000000,0.1000000000,10.0000000000,50.0000000000
83.0000000000,88.0000000000,0.0000001081,50.0000000000,100.0000000000,0.1000000000,10.0000000000,50.0000000000
83.0000000000,89.0000000000,0.0000000860,50.0000000000,100.0000000000,0.1000000000,10.0000000000,50.0000000000
83.0000000000,90.0000000000,0.0000000954,50.0000000000,100.0000000000,0.1000000000,10.0000000000,50.0000000000
83.0000000000,91.0000000000,0.0000001244,50.0000000000,100.0000000000,0.1000000000,10.0000000000,50.0000000000
83.0000000000,92.0000000000,0.0000001586,50.0000000000,100.0000000000,0.1000000000,10.0000000000,50.0000000000
83.0000000000,93.0000000000,0.0000001662,50.0000000000,100.0000000000,0.1000000000,10.0000000000,50.0000000000
83.0000000000,94.0000000000,0.0000002380,50.0000000000,100.0000000000,0.1000000000,10.0000000000,50.0000000000
83.0000000000,95.0000000000,0.0000002213,50.0000000000,100.0000000000,0.1000000000,10.0000000000,50.0000000000
83.0000000000,96.0000000000,0.0000002065,50.0000000000,100.0000000000,0.1000000000,10.0000000000,50.0000000000
83.0000000000,97.0000000000,0.0000001989,50.0000000000,100.0000000000,0.1000000000,10.0000000000,50.0000000000
83.0000000000,98.0000000000,0.0000002271,50.0000000000,100.0000000000,0.1000000000,10.0000000000,50.0000000000
83.0000000000,99.0000000000,0.0000003089,50.0000000000,100.0000000000,0.1000000000,10.0000000000,50.0000000000
83.0000000000,100.0000000000,0.0000002421,50.0000000000,100.0000000000,0.1000000000,10.0000000000,50.0000000000
83.0000000000,101.0000000000,0.0000002444,50.0000000000,100.0000000000,0.1000000000,10.0000000000,50.0000000000
83.0000000000,102.0000000000,0.0000002835,50.0000000000,100.0000000000,0.1000000000,10.0000000000,50.0000000000
83.0000000000,103.0000000000,0.0000002110,50.0000000000,100.0000000000,0.1000000000,10.0000000000,50.0000000000
83.0000000000,104.0000000000,0.0000001921,50.0000000000,100.0000000000,0.1000000000,10.0000000000,50.0000000000
83.0000000000,105.0000000000,0.0000002000,50.0000000000,100.0000000000,0.1000000000,10.0000000000,50.0000000000
83.0000000000,106.0000000000,0.0000001978,50.0000000000,100.0000000000,0.1000000000,10.0000000000,50.0000000000
83.0000000000,107.0000000000,0.0000001466,50.0000000000,100.0000000000,0.1000000000,10.0000000000,50.0000000000
83.0000000000,108.0000000000,0.0000001358,50.0000000000,100.0000000000,0.1000000000,10.0000000000,50.0000000000
83.0000000000,109.0000000000,0.0000000897,50.0000000000,100.0000000000,0.1000000000,10.0000000000,50.0000000000
83.0000000000,110.0000000000,0.0000001048,50.0000000000,100.0000000000,0.1000000000,10.0000000000,50.0000000000
83.0000000000,111.0000000000,0.0000001112,50.0000000000,100.0000000000,0.1000000000,10.0000000000,50.0000000000
83.0000000000,112.0000000000,0.0000001267,50.0000000000,100.0000000000,0.1000000000,10.0000000000,50.0000000000
83.0000000000,113.0000000000,0.0000000713,50.0000000000,100.0000000000,0.1000000000,10.0000000000,50.0000000000
83.0000000000,114.0000000000,0.0000000805,50.0000000000,100.0000000000,0.1000000000,10.0000000000,50.0000000000
83.0000000000,115.0000000000,0.0000000575,50.0000000000,100.0000000000,0.1000000000,10.0000000000,50.0000000000
83.0000000000,116.0000000000,0.0000000753,50.0000000000,100.0000000000,0.1000000000,10.0000000000,50.0000000000
83.0000000000,117.0000000000,0.0000000909,50.0000000000,100.0000000000,0.1000000000,10.0000000000,50.0000000000
83.0000000000,118.0000000000,0.0000000352,50.0000000000,100.0000000000,0.1000000000,10.0000000000,50.0000000000
83.0000000000,119.0000000000,0.0000000235,50.0000000000,100.0000000000,0.1000000000,10.0000000000,50.0000000000
83.0000000000,120.0000000000,0.0000000452,50.0000000000,100.0000000000,0.1000000000,10.0000000000,50.0000000000
83.0000000000,121.0000000000,0.0000000279,50.0000000000,100.0000000000,0.1000000000,10.0000000000,50.0000000000
83.0000000000,122.0000000000,0.0000000272,50.0000000000,100.0000000000,0.1000000000,10.0000000000,50.0000000000
83.0000000000,123.0000000000,0.0000000045,50.0000000000,100.0000000000,0.1000000000,10.0000000000,50.0000000000
83.0000000000,124.0000000000,0.0000000196,50.0000000000,100.0000000000,0.1000000000,10.0000000000,50.0000000000
83.0000000000,125.0000000000,0.0000000111,50.0000000000,100.0000000000,0.1000000000,10.0000000000,50.0000000000
83.0000000000,126.0000000000,0.0000000166,50.0000000000,100.0000000000,0.1000000000,10.0000000000,50.0000000000
83.0000000000,127.0000000000,0.0000000061,50.0000000000,100.0000000000,0.1000000000,10.0000000000,50.0000000000
83.0000000000,128.0000000000,0.0000000009,50.0000000000,100.0000000000,0.1000000000,10.0000000000,50.0000000000
83.0000000000,137.0000000000,0.0000000011,50.0000000000,100.0000000000,0.1000000000,10.0000000000,50.0000000000
84.0000000000,73.0000000000,0.0000000007,50.0000000000,100.0000000000,0.1000000000,10.0000000000,50.0000000000
84.0000000000,74.0000000000,0.0000000073,50.0000000000,100.0000000000,0.1000000000,10.0000000000,50.0000000000
84.0000000000,75.0000000000,0.0000000053,50.0000000000,100.0000000000,0.1000000000,10.0000000000,50.0000000000
84.0000000000,77.0000000000,0.0000000035,50.0000000000,100.0000000000,0.1000000000,10.0000000000,50.0000000000
84.0000000000,78.0000000000,0.0000000095,50.0000000000,100.0000000000,0.1000000000,10.0000000000,50.0000000000
84.0000000000,79.0000000000,0.0000000109,50.0000000000,100.0000000000,0.1000000000,10.0000000000,50.0000000000
84.0000000000,80.0000000000,0.0000000076,50.0000000000,100.0000000000,0.1000000000,10.0000000000,50.0000000000
84.0000000000,81.0000000000,0.0000000052,50.0000000000,100.0000000000,0.1000000000,10.0000000000,50.0000000000
84.0000000000,82.0000000000,0.0000000205,50.0000000000,100.0000000000,0.1000000000,10.0000000000,50.0000000000
84.0000000000,83.0000000000,0.0000000098,50.0000000000,100.0000000000,0.1000000000,10.0000000000,50.0000000000
84.0000000000,84.0000000000,0.0000000292,50.0000000000,100.0000000000,0.1000000000,10.0000000000,50.0000000000
84.0000000000,85.0000000000,0.0000000365,50.0000000000,100.0000000000,0.1000000000,10.0000000000,50.0000000000
84.0000000000,86.0000000000,0.0000000335,50.0000000000,100.0000000000,0.1000000000,10.0000000000,50.0000000000
84.0000000000,87.0000000000,0.0000000289,50.0000000000,100.0000000000,0.1000000000,10.0000000000,50.0000000000
84.0000000000,88.0000000000,0.0000000352,50.0000000000,100.0000000000,0.1000000000,10.0000000000,50.0000000000
84.0000000000,89.0000000000,0.0000000465,50.0000000000,100.0000000000,0.1000000000,10.0000000000,50.0000000000
84.0000000000,90.0000000000,0.0000000757,50.0000000000,100.0000000000,0.1000000000,10.0000000000,50.0000000000
84.0000000000,91.0000000000,0.0000000591,50.0000000000,100.0000000000,0.1000000000,10.0000000000,50.0000000000
84.0000000000,92.0000000000,0.0000000691,50.0000000000,100.0000000000,0.1000000000,10.0000000000,50.0000000000
84.0000000000,93.0000000000,0.0000000930,50.0000000000,100.0000000000,0.1000000000,10.0000000000,50.0000000000
84.0000000000,94.0000000000,0.0000001375,50.0000000000,100.0000000000,0.1000000000,10.0000000000,50.0000000000
84.0000000000,95.0000000000,0.0000001385,50.0000000000,100.0000000000,0.1000000000,10.0000000000,50.0000000000
84.0000000000,96.0000000000,0.0000001257,50.0000000000,100.0000000000,0.1000000000,10.0000000000,50.0000000000
84.0000000000,97.0000000000,0.0000001011,50.0000000000,100.0000000000,0.1000000000,10.0000000000,50.0000000000
84.0000000000,98.0000000000,0.0000001496,50.0000000000,100.0000000000,0.1000000000,10.0000000000,50.0000000000
84.0000000000,99.0000000000,0.0000001639,50.0000000000,100.0000000000,0.1000000000,10.0000000000,50.0000000000
84.0000000000,100.0000000000,0.0000001502,50.0000000000,100.0000000000,0.1000000000,10.0000000000,50.0000000000
84.0000000000,101.0000000000,0.0000001607,50.0000000000,100.0000000000,0.1000000000,10.0000000000,50.0000000000
84.0000000000,102.0000000000,0.0000001978,50.0000000000,100.0000000000,0.1000000000,10.0000000000,50.0000000000
84.0000000000,103.0000000000,0.0000001351,50.0000000000,100.0000000000,0.1000000000,10.0000000000,50.0000000000
84.0000000000,104.0000000000,0.0000001227,50.0000000000,100.0000000000,0.1000000000,10.0000000000,50.0000000000
84.0000000000,105.0000000000,0.0000001040,50.0000000000,100.0000000000,0.1000000000,10.0000000000,50.0000000000
84.0000000000,106.0000000000,0.0000000886,50.0000000000,100.0000000000,0.1000000000,10.0000000000,50.0000000000
84.0000000000,107.0000000000,0.0000000825,50.0000000000,100.0000000000,0.1000000000,10.0000000000,50.0000000000
84.0000000000,108.0000000000,0.0000000584,50.0000000000,100.0000000000,0.1000000000,10.0000000000,50.0000000000
84.0000000000,109.0000000000,0.0000000455,50.0000000000,100.0000000000,0.1000000000,10.0000000000,50.0000000000
84.0000000000,110.0000000000,0.0000000720,50.0000000000,100.0000000000,0.1000000000,10.0000000000,50.0000000000
84.0000000000,111.0000000000,0.0000000593,50.0000000000,100.0000000000,0.1000000000,10.0000000000,50.0000000000
84.0000000000,112.0000000000,0.0000000795,50.0000000000,100.0000000000,0.1000000000,10.0000000000,50.0000000000
84.0000000000,113.0000000000,0.0000000452,50.0000000000,100.0000000000,0.1000000000,10.0000000000,50.0000000000
84.0000000000,114.0000000000,0.0000000380,50.0000000000,100.0000000000,0.1000000000,10.0000000000,50.0000000000
84.0000000000,115.0000000000,0.0000000348,50.0000000000,100.0000000000,0.1000000000,10.0000000000,50.0000000000
84.0000000000,116.0000000000,0.0000000514,50.0000000000,100.0000000000,0.1000000000,10.0000000000,50.0000000000
84.0000000000,117.0000000000,0.0000000544,50.0000000000,100.0000000000,0.1000000000,10.0000000000,50.0000000000
84.0000000000,118.0000000000,0.0000000199,50.0000000000,100.0000000000,0.1000000000,10.0000000000,50.0000000000
84.0000000000,119.0000000000,0.0000000264,50.0000000000,100.0000000000,0.1000000000,10.0000000000,50.0000000000
84.0000000000,120.0000000000,0.0000000481,50.0000000000,100.0000000000,0.1000000000,10.0000000000,50.0000000000
84.0000000000,121.0000000000,0.0000000257,50.0000000000,100.0000000000,0.1000000000,10.0000000000,50.0000000000
84.0000000000,122.0000000000,0.0000000364,50.0000000000,100.0000000000,0.1000000000,10.0000000000,50.0000000000
84.0000000000,123.0000000000,0.0000000125,50.0000000000,100.0000000000,0.1000000000,10.0000000000,50.0000000000
84.0000000000,124.0000000000,0.0000000033,50.0000000000,100.0000000000,0.1000000000,10.0000000000,50.0000000000
84.0000000000,125.0000000000,0.0000000035,50.0000000000,100.0000000000,0.1000000000,10.0000000000,50.0000000000
84.0000000000,126.0000000000,0.0000000094,50.0000000000,100.0000000000,0.1000000000,10.0000000000,50.0000000000
84.0000000000,127.0000000000,0.0000000093,50.0000000000,100.0000000000,0.1000000000,10.0000000000,50.0000000000
85.0000000000,73.0000000000,0.0000000001,50.0000000000,100.0000000000,0.1000000000,10.0000000000,50.0000000000
85.0000000000,74.0000000000,0.0000000046,50.0000000000,100.0000000000,0.1000000000,10.0000000000,50.0000000000
85.0000000000,78.0000000000,0.0000000038,50.0000000000,100.0000000000,0.1000000000,10.0000000000,50.0000000000
85.0000000000,79.0000000000,0.0000000114,50.0000000000,100.0000000000,0.1000000000,10.0000000000,50.0000000000
85.0000000000,82.0000000000,0.0000000245,50.0000000000,100.0000000000,0.1000000000,10.0000000000,50.0000000000
85.0000000000,83.0000000000,0.0000000052,50.0000000000,100.0000000000,0.1000000000,10.0000000000,50.0000000000
85.0000000000,84.0000000000,0.0000000204,50.0000000000,100.0000000000,0.1000000000,10.0000000000,50.0000000000
85.0000000000,85.0000000000,0.0000000314,50.0000000000,100.0000000000,0.1000000000,10.0000000000,50.0000000000
85.0000000000,86.0000000000,0.0000000283,50.0000000000,100.0000000000,0.1000000000,10.0000000000,50.0000000000
85.0000000000,87.0000000000,0.0000000143,50.0000000000,100.0000000000,0.1000000000,10.0000000000,50.0000000000
85.0000000000,88.0000000000,0.0000000137,50.0000000000,100.0000000000,0.1000000000,10.0000000000,50.0000000000
85.0000000000,89.0000000000,0.0000000410,50.0000000000,100.0000000000,0.1000000000,10.0000000000,50.0000000000
85.0000000000,90.0000000000,0.0000000371,50.0000000000,100.0000000000,0.1000000000,10.0000000000,50.0000000000
85.0000000000,91.0000000000,0.0000000428,50.0000000000,100.0000000000,0.1000000000,10.0000000000,50.0000000000
85.0000000000,92.0000000000,0.0000000594,50.0000000000,100.0000000000,0.1000000000,10.0000000000,50.0000000000
85.0000000000,93.0000000000,0.0000000708,50.0000000000,100.0000000000,0.1000000000,10.0000000000,50.0000000000
85.0000000000,94.0000000000,0.0000000545,50.0000000000,100.0000000000,0.1000000000,10.0000000000,50.0000000000
85.0000000000,95.0000000000,0.0000000672,50.0000000000,100.0000000000,0.1000000000,10.0000000000,50.0000000000
85.0000000000,96.0000000000,0.0000000479,50.0000000000,100.0000000000,0.1000000000,10.0000000000,50.0000000000
85.0000000000,97.0000000000,0.0000000692,50.0000000000,100.0000000000,0.1000000000,10.0000000000,50.0000000000
85.0000000000,98.0000000000,0.0000001155,50.0000000000,100.0000000000,0.1000000000,10.0000000000,50.0000000000
85.0000000000,99.0000000000,0.0000000852,50.0000000000,100.0000000000,0.1000000000,10.0000000000,50.0000000000
85.0000000000,100.0000000000,0.0000000773,50.0000000000,100.0000000000,0.1000000000,10.0000000000,50.0000000000
85.0000000000,101.0000000000,0.0000001182,50.0000000000,100.0000000000,0.1000000000,10.0000000000,50.0000000000
85.0000000000,102.0000000000,0.0000000825,50.0000000000,100.0000000000,0.1000000000,10.0000000000,50.0000000000
85.0000000000,103.0000000000,0.0000000943,50.0000000000,100.0000000000,0.1000000000,10.0000000000,50.0000000000
85.0000000000,104.0000000000,0.0000000722,50.0000000000,100.0000000000,0.1000000000,10.0000000000,50.0000000000
85.0000000000,105.0000000000,0.0000000462,50.0000000000,100.0000000000,0.1000000000,10.0000000000,50.0000000000
85.0000000000,106.0000000000,0.0000000414,50.0000000000,100.0000000000,0.1000000000,10.0000000000,50.0000000000
85.0000000000,107.0000000000,0.0000000432,50.0000000000,100.0000000000,0.1000000000,10.0000000000,50.0000000000
85.0000000000,108.0000000000,0.0000000333,50.0000000000,100.0000000000,0.1000000000,10.0000000000,50.0000000000
85.0000000000,109.0000000000,0.0000000578,50.0000000000,100.0000000000,0.1000000000,10.0000000000,50.0000000000
85.0000000000,110.0000000000,0.0000000361,50.0000000000,100.0000000000,0.1000000000,10.0000000000,50.0000000000
85.0000000000,111.0000000000,0.0000000115,50.0000000000,100.0000000000,0.1000000000,10.0000000000,50.0000000000
85.0000000000,112.0000000000,0.0000000436,50.0000000000,100.0000000000,0.1000000000,10.0000000000,50.0000000000
85.0000000000,113.0000000000,0.0000000232,50.0000000000,100.0000000000,0.1000000000,10.0000000000,50.0000000000
85.0000000000,114.0000000000,0.0000000245,50.0000000000,100.0000000000,0.1000000000,10.0000000000,50.0000000000
85.0000000000,115.0000000000,0.0000000317,50.0000000000,100.0000000000,0.1000000000,10.0000000000,50.0000000000
85.0000000000,116.0000000000,0.0000000205,50.0000000000,100.0000000000,0.1000000000,10.0000000000,50.0000000000
85.0000000000,117.0000000000,0.0000000264,50.0000000000,100.0000000000,0.1000000000,10.0000000000,50.0000000000
85.0000000000,118.0000000000,0.0000000085,50.0000000000,100.0000000000,0.1000000000,10.0000000000,50.0000000000
85.0000000000,119.0000000000,0.0000000179,50.0000000000,100.0000000000,0.1000000000,10.0000000000,50.0000000000
85.0000000000,120.0000000000,0.0000000136,50.0000000000,100.0000000000,0.1000000000,10.0000000000,50.0000000000
85.0000000000,121.0000000000,0.0000000098,50.0000000000,100.0000000000,0.1000000000,10.0000000000,50.0000000000
85.0000000000,122.0000000000,0.0000000256,50.0000000000,100.0000000000,0.1000000000,10.0000000000,50.0000000000
85.0000000000,123.0000000000,0.0000000057,50.0000000000,100.0000000000,0.1000000000,10.0000000000,50.0000000000
85.0000000000,124.0000000000,0.0000000058,50.0000000000,100.0000000000,0.1000000000,10.0000000000,50.0000000000
85.0000000000,126.0000000000,0.0000000075,50.0000000000,100.0000000000,0.1000000000,10.0000000000,50.0000000000
85.0000000000,127.0000000000,0.0000000081,50.0000000000,100.0000000000,0.1000000000,10.0000000000,50.0000000000
85.0000000000,128.0000000000,0.0000000005,50.0000000000,100.0000000000,0.1000000000,10.0000000000,50.0000000000
86.0000000000,74.0000000000,0.0000000027,50.0000000000,100.0000000000,0.1000000000,10.0000000000,50.0000000000
86.0000000000,78.0000000000,0.0000000008,50.0000000000,100.0000000000,0.1000000000,10.0000000000,50.0000000000
86.0000000000,79.0000000000,0.0000000085,50.0000000000,100.0000000000,0.1000000000,10.0000000000,50.0000000000
86.0000000000,82.0000000000,0.0000000085,50.0000000000,100.0000000000,0.1000000000,10.0000000000,50.0000000000
86.0000000000,83.0000000000,0.0000000098,50.0000000000,100.0000000000,0.1000000000,10.0000000000,50.0000000000
86.0000000000,84.0000000000,0.0000000122,50.0000000000,100.0000000000,0.1000000000,10.0000000000,50.0000000000
86.0000000000,85.0000000000,0.0000000082,50.0000000000,100.0000000000,0.1000000000,10.0000000000,50.0000000000
86.0000000000,86.0000000000,0.0000000180,50.0000000000,100.0000000000,0.1000000000,10.0000000000,50.0000000000
86.0000000000,87.0000000000,0.0000000158,50.0000000000,100.0000000000,0.1000000000,10.0000000000,50.0000000000
86.0000000000,88.0000000000,0.0000000137,50.0000000000,100.0000000000,0.1000000000,10.0000000000,50.0000000000
86.0000000000,89.0000000000,0.0000000175,50.0000000000,100.0000000000,0.1000000000,10.0000000000,50.0000000000
86.0000000000,90.0000000000,0.0000000049,50.0000000000,100.0000000000,0.1000000000,10.0000000000,50.0000000000
86.0000000000,91.0000000000,0.0000000156,50.0000000000,100.0000000000,0.1000000000,10.0000000000,50.0000000000
86.0000000000,92.0000000000,0.0000000357,50.0000000000,100.0000000000,0.1000000000,10.0000000000,50.0000000000
86.0000000000,93.0000000000,0.0000000252,50.0000000000,100.0000000000,0.1000000000,10.0000000000,50.0000000000
86.0000000000,94.0000000000,0.0000000246,50.0000000000,100.0000000000,0.1000000000,10.0000000000,50.0000000000
86.0000000000,95.0000000000,0.0000000295,50.0000000000,100.0000000000,0.1000000000,10.0000000000,50.0000000000
86.0000000000,96.0000000000,0.0000000321,50.0000000000,100.0000000000,0.1000000000,10.0000000000,50.0000000000
86.0000000000,97.0000000000,0.0000000214,50.0000000000,100.0000000000,0.1000000000,10.0000000000,50.0000000000
86.0000000000,98.0000000000,0.0000000614,50.0000000000,100.0000000000,0.1000000000,10.0000000000,50.0000000000
86.0000000000,99.0000000000,0.0000000590,50.0000000000,100.0000000000,0.1000000000,10.0000000000,50.0000000000
86.0000000000,100.0000000000,0.0000000510,50.0000000000,100.0000000000,0.1000000000,10.0000000000,50.0000000000
86.0000000000,101.0000000000,0.0000000727,50.0000000000,100.0000000000,0.1000000000,10.0000000000,50.0000000000
86.0000000000,102.0000000000,0.0000000620,50.0000000000,100.0000000000,0.1000000000,10.0000000000,50.0000000000
86.0000000000,103.0000000000,0.0000000450,50.0000000000,100.0000000000,0.1000000000,10.0000000000,50.0000000000
86.0000000000,104.0000000000,0.0000000232,50.0000000000,100.0000000000,0.1000000000,10.0000000000,50.0000000000
86.0000000000,105.0000000000,0.0000000266,50.0000000000,100.0000000000,0.1000000000,10.0000000000,50.0000000000
86.0000000000,106.0000000000,0.0000000246,50.0000000000,100.0000000000,0.1000000000,10.0000000000,50.0000000000
86.0000000000,107.0000000000,0.0000000351,50.0000000000,100.0000000000,0.1000000000,10.0000000000,50.0000000000
86.0000000000,108.0000000000,0.0000000258,50.0000000000,100.0000000000,0.1000000000,10.0000000000,50.0000000000
86.0000000000,109.0000000000,0.0000000279,50.0000000000,100.0000000000,0.1000000000,10.0000000000,50.0000000000
86.0000000000,110.0000000000,0.0000000050,50.0000000000,100.0000000000,0.1000000000,10.0000000000,50.0000000000
86.0000000000,111.0000000000,0.0000000278,50.0000000000,100.0000000000,0.1000000000,10.0000000000,50.0000000000
86.0000000000,112.0000000000,0.0000000106,50.0000000000,100.0000000000,0.1000000000,10.0000000000,50.0000000000
86.0000000000,113.0000000000,0.0000000222,50.0000000000,100.0000000000,0.1000000000,10.0000000000,50.0000000000
86.0000000000,114.0000000000,0.0000000158,50.0000000000,100.0000000000,0.1000000000,10.0000000000,50.0000000000
86.0000000000,115.0000000000,0.0000000140,50.0000000000,100.0000000000,0.1000000000,10.0000000000,50.0000000000
86.0000000000,116.0000000000,0.0000000086,50.0000000000,100.0000000000,0.1000000000,10.0000000000,50.0000000000
86.0000000000,117.0000000000,0.0000000147,50.0000000000,100.0000000000,0.1000000000,10.0000000000,50.0000000000
86.0000000000,118.0000000000,0.0000000049,50.0000000000,100.0000000000,0.1000000000,10.0000000000,50.0000000000
86.0000000000,119.0000000000,0.0000000159,50.0000000000,100.0000000000,0.1000000000,10.0000000000,50.0000000000
86.0000000000,120.0000000000,0.0000000046,50.0000000000,100.0000000000,0.1000000000,10.0000000000,50.0000000000
86.0000000000,121.0000000000,0.0000000066,50.0000000000,100.0000000000,0.1000000000,10.0000000000,50.0000000000
86.0000000000,122.0000000000,0.0000000150,50.0000000000,100.0000000000,0.1000000000,10.0000000000,50.0000000000
86.0000000000,123.0000000000,0.0000000112,50.0000000000,100.0000000000,0.1000000000,10.0000000000,50.0000000000
86.0000000000,124.0000000000,0.0000000047,50.0000000000,100.0000000000,0.1000000000,10.0000000000,50.0000000000
86.0000000000,126.0000000000,0.0000000018,50.0000000000,100.0000000000,0.1000000000,10.0000000000,50.0000000000
86.0000000000,127.0000000000,0.0000000089,50.0000000000,100.0000000000,0.1000000000,10.0000000000,50.0000000000
87.0000000000,79.0000000000,0.0000000031,50.0000000000,100.0000000000,0.1000000000,10.0000000000,50.0000000000
87.0000000000,82.0000000000,0.0000000036,50.0000000000,100.0000000000,0.1000000000,10.0000000000,50.0000000000
87.0000000000,83.0000000000,0.0000000018,50.0000000000,100.0000000000,0.1000000000,10.0000000000,50.0000000000
87.0000000000,84.0000000000,0.0000000054,50.0000000000,100.0000000000,0.1000000000,10.0000000000,50.0000000000
87.0000000000,85.0000000000,0.0000000068,50.0000000000,100.0000000000,0.1000000000,10.0000000000,50.0000000000
87.0000000000,86.0000000000,0.0000000034,50.0000000000,100.0000000000,0.1000000000,10.0000000000,50.0000000000
87.0000000000,87.0000000000,0.0000000195,50.0000000000,100.0000000000,0.1000000000,10.0000000000,50.0000000000
87.0000000000,88.0000000000,0.0000000110,50.0000000000,100.0000000000,0.1000000000,10.0000000000,50.0000000000
87.0000000000,89.0000000000,0.0000000031,50.0000000000,100.0000000000,0.1000000000,10.0000000000,50.0000000000
87.0000000000,90.0000000000,0.0000000073,50.0000000000,100.0000000000,0.1000000000,10.0000000000,50.0000000000
87.0000000000,91.0000000000,0.0000000002,50.0000000000,100.0000000000,0.1000000000,10.0000000000,50.0000000000
87.0000000000,92.0000000000,0.0000000115,50.0000000000,100.0000000000,0.1000000000,10.0000000000,50.0000000000
87.0000000000,93.0000000000,0.0000000102,50.0000000000,100.0000000000,0.1000000000,10.0000000000,50.0000000000
87.0000000000,94.0000000000,0.0000000018,50.0000000000,100.0000000000,0.1000000000,10.0000000000,50.0000000000
87.0000000000,95.0000000000,0.0000000297,50.0000000000,100.0000000000,0.1000000000,10.0000000000,50.0000000000
87.0000000000,96.0000000000,0.0000000144,50.0000000000,100.0000000000,0.1000000000,10.0000000000,50.0000000000
87.0000000000,97.0000000000,0.0000000086,50.0000000000,100.0000000000,0.1000000000,10.0000000000,50.0000000000
87.0000000000,98.0000000000,0.0000000211,50.0000000000,100.0000000000,0.1000000000,10.0000000000,50.0000000000
87.0000000000,99.0000000000,0.0000000476,50.0000000000,100.0000000000,0.1000000000,10.0000000000,50.0000000000
87.0000000000,100.0000000000,0.0000000424,50.0000000000,100.0000000000,0.1000000000,10.0000000000,50.0000000000
87.0000000000,101.0000000000,0.0000000250,50.0000000000,100.0000000000,0.1000000000,10.0000000000,50.0000000000
87.0000000000,102.0000000000,0.0000000313,50.0000000000,100.0000000000,0.1000000000,10.0000000000,50.0000000000
87.0000000000,103.0000000000,0.0000000266,50.0000000000,100.0000000000,0.1000000000,10.0000000000,50.0000000000
87.0000000000,104.0000000000,0.0000000023,50.0000000000,100.0000000000,0.1000000000,10.0000000000,50.0000000000
87.0000000000,105.0000000000,0.0000000020,50.0000000000,100.0000000000,0.1000000000,10.0000000000,50.0000000000
87.0000000000,106.0000000000,0.0000000195,50.0000000000,100.0000000000,0.1000000000,10.0000000000,50.0000000000
87.0000000000,107.0000000000,0.0000000232,50.0000000000,100.0000000000,0.1000000000,10.0000000000,50.0000000000
87.0000000000,108.0000000000,0.0000000246,50.0000000000,100.0000000000,0.1000000000,10.0000000000,50.0000000000
87.0000000000,109.0000000000,0.0000000160,50.0000000000,100.0000000000,0.1000000000,10.0000000000,50.0000000000
87.0000000000,110.0000000000,0.0000000015,50.0000000000,100.0000000000,0.1000000000,10.0000000000,50.0000000000
87.0000000000,111.0000000000,0.0000000092,50.0000000000,100.0000000000,0.1000000000,10.0000000000,50.0000000000
87.0000000000,112.0000000000,0.0000000039,50.0000000000,100.0000000000,0.1000000000,10.0000000000,50.0000000000
87.0000000000,113.0000000000,0.0000000092,50.0000000000,100.0000000000,0.1000000000,10.0000000000,50.0000000000
87.0000000000,114.0000000000,0.0000000143,50.0000000000,100.0000000000,0.1000000000,10.0000000000,50.0000000000
87.0000000000,115.0000000000,0.0000000271,50.0000000000,100.0000000000,0.1000000000,10.0000000000,50.0000000000
87.0000000000,116.0000000000,0.0000000219,50.0000000000,100.0000000000,0.1000000000,10.0000000000,50.0000000000
87.0000000000,117.0000000000,0.0000000114,50.0000000000,100.0000000000,0.1000000000,10.0000000000,50.0000000000
87.0000000000,118.0000000000,0.0000000053,50.0000000000,100.0000000000,0.1000000000,10.0000000000,50.0000000000
87.0000000000,119.0000000000,0.0000000064,50.0000000000,100.0000000000,0.1000000000,10.0000000000,50.0000000000
87.0000000000,120.0000000000,0.0000000059,50.0000000000,100.0000000000,0.1000000000,10.0000000000,50.0000000000
87.0000000000,121.0000000000,0.0000000006,50.0000000000,100.0000000000,0.1000000000,10.0000000000,50.0000000000
87.0000000000,122.0000000000,0.0000000147,50.0000000000,100.0000000000,0.1000000000,10.0000000000,50.0000000000
87.0000000000,123.0000000000,0.0000000016,50.0000000000,100.0000000000,0.1000000000,10.0000000000,50.0000000000
87.0000000000,124.0000000000,0.0000000006,50.0000000000,100.0000000000,0.1000000000,10.0000000000,50.0000000000
87.0000000000,126.0000000000,0.0000000014,50.0000000000,100.0000000000,0.1000000000,10.0000000000,50.0000000000
87.0000000000,127.0000000000,0.0000000039,50.0000000000,100.0000000000,0.1000000000,10.0000000000,50.0000000000
88.0000000000,83.0000000000,0.0000000107,50.0000000000,100.0000000000,0.1000000000,10.0000000000,50.0000000000
88.0000000000,84.0000000000,0.0000000077,50.0000000000,100.0000000000,0.1000000000,10.0000000000,50.0000000000
88.0000000000,85.0000000000,0.0000000115,50.0000000000,100.0000000000,0.1000000000,10.0000000000,50.0000000000
88.0000000000,86.0000000000,0.0000000005,50.0000000000,100.0000000000,0.1000000000,10.0000000000,50.0000000000
88.0000000000,87.0000000000,0.0000000111,50.0000000000,100.0000000000,0.1000000000,10.0000000000,50.0000000000
88.0000000000,88.0000000000,0.0000000033,50.0000000000,100.0000000000,0.1000000000,10.0000000000,50.0000000000
88.0000000000,89.0000000000,0.0000000067,50.0000000000,100.0000000000,0.1000000000,10.0000000000,50.0000000000
88.0000000000,90.0000000000,0.0000000006,50.0000000000,100.0000000000,0.1000000000,10.0000000000,50.0000000000
88.0000000000,92.0000000000,0.0000000021,50.0000000000,100.0000000000,0.1000000000,10.0000000000,50.0000000000
88.0000000000,93.0000000000,0.0000000061,50.0000000000,100.0000000000,0.1000000000,10.0000000000,50.0000000000
88.0000000000,94.0000000000,0.0000000009,50.0000000000,100.0000000000,0.1000000000,10.0000000000,50.0000000000
88.0000000000,95.0000000000,0.0000000072,50.0000000000,100.0000000000,0.1000000000,10.0000000000,50.0000000000
88.0000000000,96.0000000000,0.0000000070,50.0000000000,100.0000000000,0.1000000000,10.0000000000,50.0000000000
88.0000000000,97.0000000000,0.0000000036,50.0000000000,100.0000000000,0.1000000000,10.0000000000,50.0000000000
88.0000000000,98.0000000000,0.0000000107,50.0000000000,100.0000000000,0.1000000000,10.0000000000,50.0000000000
88.0000000000,99.0000000000,0.0000000288,50.0000000000,100.0000000000,0.1000000000,10.0000000000,50.0000000000
88.0000000000,100.0000000000,0.0000000171,50.0000000000,100.0000000000,0.1000000000,10.0000000000,50.0000000000
88.0000000000,101.0000000000,0.0000000157,50.0000000000,100.0000000000,0.1000000000,10.0000000000,50.0000000000
88.0000000000,102.0000000000,0.0000000236,50.0000000000,100.0000000000,0.1000000000,10.0000000000,50.0000000000
88.0000000000,103.0000000000,0.0000000124,50.0000000000,100.0000000000,0.1000000000,10.0000000000,50.0000000000
88.0000000000,104.0000000000,0.0000000005,50.0000000000,100.0000000000,0.1000000000,10.0000000000,50.0000000000
88.0000000000,105.0000000000,0.0000000023,50.0000000000,100.0000000000,0.1000000000,10.0000000000,50.0000000000
88.0000000000,106.0000000000,0.0000000282,50.0000000000,100.0000000000,0.1000000000,10.0000000000,50.0000000000
88.0000000000,107.0000000000,0.0000000073,50.0000000000,100.0000000000,0.1000000000,10.0000000000,50.0000000000
88.0000000000,108.0000000000,0.0000000160,50.0000000000,100.0000000000,0.1000000000,10.0000000000,50.0000000000
88.0000000000,109.0000000000,0.0000000084,50.0000000000,100.0000000000,0.1000000000,10.0000000000,50.0000000000
88.0000000000,111.0000000000,0.0000000036,50.0000000000,100.0000000000,0.1000000000,10.0000000000,50.0000000000
88.0000000000,112.0000000000,0.0000000005,50.0000000000,100.0000000000,0.1000000000,10.0000000000,50.0000000000
88.0000000000,113.0000000000,0.0000000103,50.0000000000,100.0000000000,0.1000000000,10.0000000000,50.0000000000
88.0000000000,114.0000000000,0.0000000025,50.0000000000,100.0000000000,0.1000000000,10.0000000000,50.0000000000
88.0000000000,115.0000000000,0.0000000115,50.0000000000,100.0000000000,0.1000000000,10.0000000000,50.0000000000
88.0000000000,116.0000000000,0.0000000149,50.0000000000,100.0000000000,0.1000000000,10.0000000000,50.0000000000
88.0000000000,117.0000000000,0.0000000040,50.0000000000,100.0000000000,0.1000000000,10.0000000000,50.0000000000
88.0000000000,118.0000000000,0.0000000014,50.0000000000,100.0000000000,0.1000000000,10.0000000000,50.0000000000
88.0000000000,119.0000000000,0.0000000050,50.0000000000,100.0000000000,0.1000000000,10.0000000000,50.0000000000
88.0000000000,122.0000000000,0.0000000070,50.0000000000,100.0000000000,0.1000000000,10.0000000000,50.0000000000
88.0000000000,123.0000000000,0.0000000042,50.0000000000,100.0000000000,0.1000000000,10.0000000000,50.0000000000
88.0000000000,124.0000000000,0.0000000032,50.0000000000,100.0000000000,0.1000000000,10.0000000000,50.0000000000
89.0000000000,83.0000000000,0.0000000018,50.0000000000,100.0000000000,0.1000000000,10.0000000000,50.0000000000
89.0000000000,84.0000000000,0.0000000046,50.0000000000,100.0000000000,0.1000000000,10.0000000000,50.0000000000
89.0000000000,85.0000000000,0.0000000151,50.0000000000,100.0000000000,0.1000000000,10.0000000000,50.0000000000
89.0000000000,87.0000000000,0.0000000031,50.0000000000,100.0000000000,0.1000000000,10.0000000000,50.0000000000
89.0000000000,88.0000000000,0.0000000012,50.0000000000,100.0000000000,0.1000000000,10.0000000000,50.0000000000
89.0000000000,92.0000000000,0.0000000005,50.0000000000,100.0000000000,0.1000000000,10.0000000000,50.0000000000
89.0000000000,93.0000000000,0.0000000003,50.0000000000,100.0000000000,0.1000000000,10.0000000000,50.0000000000
89.0000000000,95.0000000000,0.0000000048,50.0000000000,100.0000000000,0.1000000000,10.0000000000,50.0000000000
89.0000000000,96.0000000000,0.0000000148,50.0000000000,100.0000000000,0.1000000000,10.0000000000,50.0000000000
89.0000000000,97.0000000000,0.0000000091,50.0000000000,100.0000000000,0.1000000000,10.0000000000,50.0000000000
89.0000000000,98.0000000000,0.0000000019,50.0000000000,100.0000000000,0.1000000000,10.0000000000,50.0000000000
89.0000000000,99.0000000000,0.0000000168,50.0000000000,100.0000000000,0.1000000000,10.0000000000,50.0000000000
89.0000000000,100.0000000000,0.0000000226,50.0000000000,100.0000000000,0.1000000000,10.0000000000,50.0000000000
89.0000000000,101.0000000000,0.0000000043,50.0000000000,100.0000000000,0.1000000000,10.0000000000,50.0000000000
89.0000000000,102.0000000000,0.0000000110,50.0000000000,100.0000000000,0.1000000000,10.0000000000,50.0000000000
89.0000000000,103.0000000000,0.0000000018,50.0000000000,100.0000000000,0.1000000000,10.0000000000,50.0000000000
89.0000000000,105.0000000000,0.0000000038,50.0000000000,100.0000000000,0.1000000000,10.0000000000,50.0000000000
89.0000000000,106.0000000000,0.0000000110,50.0000000000,100.0000000000,0.1000000000,10.0000000000,50.0000000000
89.0000000000,107.0000000000,0.0000000060,50.0000000000,100.0000000000,0.1000000000,10.0000000000,50.0000000000
89.0000000000,108.0000000000,0.0000000194,50.0000000000,100.0000000000,0.1000000000,10.0000000000,50.0000000000
89.0000000000,109.0000000000,0.0000000008,50.0000000000,100.0000000000,0.1000000000,10.0000000000,50.0000000000
89.0000000000,111.0000000000,0.0000000014,50.0000000000,100.0000000000,0.1000000000,10.0000000000,50.0000000000
89.0000000000,113.0000000000,0.0000000037,50.0000000000,100.0000000000,0.1000000000,10.0000000000,50.0000000000
89.0000000000,115.0000000000,0.0000000024,50.0000000000,100.0000000000,0.1000000000,10.0000000000,50.0000000000
89.0000000000,116.0000000000,0.0000000076,50.0000000000,100.0000000000,0.1000000000,10.0000000000,50.0000000000
89.0000000000,122.0000000000,0.0000000001,50.0000000000,100.0000000000,0.1000000000,10.0000000000,50.0000000000
89.0000000000,123.0000000000,0.0000000036,50.0000000000,100.0000000000,0.1000000000,10.0000000000,50.0000000000
89.0000000000,124.0000000000,0.0000000007,50.0000000000,100.0000000000,0.1000000000,10.0000000000,50.0000000000
90.0000000000,84.0000000000,0.0000000107,50.0000000000,100.0000000000,0.1000000000,10.0000000000,50.0000000000
90.0000000000,85.0000000000,0.0000000031,50.0000000000,100.0000000000,0.1000000000,10.0000000000,50.0000000000
90.0000000000,87.0000000000,0.0000000006,50.0000000000,100.0000000000,0.1000000000,10.0000000000,50.0000000000
90.0000000000,95.0000000000,0.0000000000,50.0000000000,100.0000000000,0.1000000000,10.0000000000,50.0000000000
90.0000000000,96.0000000000,0.0000000079,50.0000000000,100.0000000000,0.1000000000,10.0000000000,50.0000000000
90.0000000000,97.0000000000,0.0000000000,50.0000000000,100.0000000000,0.1000000000,10.0000000000,50.0000000000
90.0000000000,98.0000000000,0.0000000005,50.0000000000,100.0000000000,0.1000000000,10.0000000000,50.0000000000
90.0000000000,99.0000000000,0.0000000033,50.0000000000,100.0000000000,0.1000000000,10.0000000000,50.0000000000
90.0000000000,100.0000000000,0.0000000082,50.0000000000,100.0000000000,0.1000000000,10.0000000000,50.0000000000
90.0000000000,101.0000000000,0.0000000091,50.0000000000,100.0000000000,0.1000000000,10.0000000000,50.0000000000
90.0000000000,102.0000000000,0.0000000123,50.0000000000,100.0000000000,0.1000000000,10.0000000000,50.0000000000
90.0000000000,105.0000000000,0.0000000014,50.0000000000,100.0000000000,0.1000000000,10.0000000000,50.0000000000
90.0000000000,106.0000000000,0.0000000006,50.0000000000,100.0000000000,0.1000000000,10.0000000000,50.0000000000
90.0000000000,107.0000000000,0.0000000054,50.0000000000,100.0000000000,0.1000000000,10.0000000000,50.0000000000
90.0000000000,108.0000000000,0.0000000115,50.0000000000,100.0000000000,0.1000000000,10.0000000000,50.0000000000
90.0000000000,111.0000000000,0.0000000079,50.0000000000,100.0000000000,0.1000000000,10.0000000000,50.0000000000
90.0000000000,113.0000000000,0.0000000002,50.0000000000,100.0000000000,0.1000000000,10.0000000000,50.0000000000
90.0000000000,116.0000000000,0.0000000064,50.0000000000,100.0000000000,0.1000000000,10.0000000000,50.0000000000
90.0000000000,117.0000000000,0.0000000004,50.0000000000,100.0000000000,0.1000000000,10.0000000000,50.0000000000
90.0000000000,123.0000000000,0.0000000035,50.0000000000,100.0000000000,0.1000000000,10.0000000000,50.0000000000
90.0000000000,124.0000000000,0.0000000014,50.0000000000,100.0000000000,0.1000000000,10.0000000000,50.0000000000
91.0000000000,84.0000000000,0.0000000021,50.0000000000,100.0000000000,0.1000000000,10.0000000000,50.0000000000
91.0000000000,85.0000000000,0.0000000014,50.0000000000,100.0000000000,0.1000000000,10.0000000000,50.0000000000
91.0000000000,96.0000000000,0.0000000011,50.0000000000,100.0000000000,0.1000000000,10.0000000000,50.0000000000
91.0000000000,97.0000000000,0.0000000013,50.0000000000,100.0000000000,0.1000000000,10.0000000000,50.0000000000
91.0000000000,98.0000000000,0.0000000006,50.0000000000,100.0000000000,0.1000000000,10.0000000000,50.0000000000
91.0000000000,100.0000000000,0.0000000074,50.0000000000,100.0000000000,0.1000000000,10.0000000000,50.0000000000
91.0000000000,101.0000000000,0.0000000053,50.0000000000,100.0000000000,0.1000000000,10.0000000000,50.0000000000
91.0000000000,102.0000000000,0.0000000108,50.0000000000,100.0000000000,0.1000000000,10.0000000000,50.0000000000
91.0000000000,107.0000000000,0.0000000007,50.0000000000,100.0000000000,0.1000000000,10.0000000000,50.0000000000
91.0000000000,111.0000000000,0.0000000014,50.0000000000,100.0000000000,0.1000000000,10.0000000000,50.0000000000
91.0000000000,116.0000000000,0.0000000034,50.0000000000,100.0000000000,0.1000000000,10.0000000000,50.0000000000
91.0000000000,117.0000000000,0.0000000016,50.0000000000,100.0000000000,0.1000000000,10.0000000000,50.0000000000
91.0000000000,118.0000000000,0.0000000019,50.0000000000,100.0000000000,0.1000000000,10.0000000000,50.0000000000
91.0000000000,119.0000000000,0.0000000003,50.0000000000,100.0000000000,0.1000000000,10.0000000000,50.0000000000
91.0000000000,123.0000000000,0.0000000002,50.0000000000,100.0000000000,0.1000000000,10.0000000000,50.0000000000
91.0000000000,124.0000000000,0.0000000012,50.0000000000,100.0000000000,0.1000000000,10.0000000000,50.0000000000
92.0000000000,84.0000000000,0.0000000007,50.0000000000,100.0000000000,0.1000000000,10.0000000000,50.0000000000
92.0000000000,101.0000000000,0.0000000053,50.0000000000,100.0000000000,0.1000000000,10.0000000000,50.0000000000
92.0000000000,102.0000000000,0.0000000026,50.0000000000,100.0000000000,0.1000000000,10.0000000000,50.0000000000
92.0000000000,117.0000000000,0.0000000027,50.0000000000,100.0000000000,0.1000000000,10.0000000000,50.0000000000
92.0000000000,118.0000000000,0.0000000025,50.0000000000,100.0000000000,0.1000000000,10.0000000000,50.0000000000
92.0000000000,119.0000000000,0.0000000017,50.0000000000,100.0000000000,0.1000000000,10.0000000000,50.0000000000
92.0000000000,120.0000000000,0.0000000025,50.0000000000,100.0000000000,0.1000000000,10.0000000000,50.0000000000
92.0000000000,121.0000000000,0.0000000033,50.0000000000,100.0000000000,0.1000000000,10.0000000000,50.0000000000
92.0000000000,122.0000000000,0.0000000004,50.0000000000,100.0000000000,0.1000000000,10.0000000000,50.0000000000
92.0000000000,123.0000000000,0.0000000011,50.0000000000,100.0000000000,0.1000000000,10.0000000000,50.0000000000
92.0000000000,124.0000000000,0.0000000061,50.0000000000,100.0000000000,0.1000000000,10.0000000000,50.0000000000
93.0000000000,117.0000000000,0.0000000012,50.0000000000,100.0000000000,0.1000000000,10.0000000000,50.0000000000
93.0000000000,118.0000000000,0.0000000011,50.0000000000,100.0000000000,0.1000000000,10.0000000000,50.0000000000
93.0000000000,120.0000000000,0.0000000002,50.0000000000,100.0000000000,0.1000000000,10.0000000000,50.0000000000
93.0000000000,121.0000000000,0.0000000059,50.0000000000,100.0000000000,0.1000000000,10.0000000000,50.0000000000
93.0000000000,122.0000000000,0.0000000015,50.0000000000,100.0000000000,0.1000000000,10.0000000000,50.0000000000
93.0000000000,123.0000000000,0.0000000042,50.0000000000,100.0000000000,0.1000000000,10.0000000000,50.0000000000
93.0000000000,124.0000000000,0.0000000036,50.0000000000,100.0000000000,0.1000000000,10.0000000000,50.0000000000
94.0000000000,117.0000000000,0.0000000005,50.0000000000,100.0000000000,0.1000000000,10.0000000000,50.0000000000
94.0000000000,121.0000000000,0.0000000009,50.0000000000,100.0000000000,0.1000000000,10.0000000000,50.0000000000
94.0000000000,122.0000000000,0.0000000016,50.0000000000,100.0000000000,0.1000000000,10.0000000000,50.0000000000
94.0000000000,124.0000000000,0.0000000017,50.0000000000,100.0000000000,0.1000000000,10.0000000000,50.0000000000
